program is here.
program is here.
program is here.
program is here.
[2, 75366, 1501129442, 1]
[2, 138174, 1501129511, 1]
[2, 177734, 1501129611, 1]
[2, 226386, 1501129749, 1]
[2, 177734, 1501141884, 1]
[2, 177734, 1501142509, 1]
[2, 177734, 1501142522, 3]
[2, 177734, 1501144236, 3]
[2, 177734, 1501144282, 4]
[2, 177734, 1501147765, 1]
[2, 177734, 1501147777, 3]
[2, 177734, 1501147836, 4]
[2, 177734, 1501147882, 3]
[2, 177734, 1501147888, 4]
[2, 116365, 1501147921, 1]
[2, 252275, 1501148208, 1]
[2, 177734, 1501156839, 1]
[2, 177734, 1501157594, 3]
[2, 177734, 1501157600, 4]
[2, 177734, 1501159060, 3]
[2, 177734, 1501159223, 4]
[2, 245064, 1501289051, 1]
[2, 298327, 1501289107, 1]
[2, 298327, 1501289166, 3]
[2, 298327, 1501289187, 4]
[2, 411506, 1501297431, 1]
[2, 234712, 1501305149, 1]
[2, 308169, 1501309515, 1]
[2, 100597, 1501309671, 1]
[2, 303823, 1501484971, 1]
[2, 353022, 1501485045, 1]
[2, 29716, 1501485059, 1]
[2, 29716, 1501486003, 3]
[2, 197959, 1501488010, 1]
[2, 37667, 1501488955, 1]
[2, 197959, 1501491256, 3]
[2, 197959, 1501491270, 4]
[2, 334723, 1501555545, 1]
[2, 440976, 1501560037, 1]
[2, 440976, 1501560072, 3]
[2, 127307, 1501563849, 1]
[2, 127307, 1501563862, 3]
[2, 127307, 1501563869, 4]
[2, 440976, 1501579618, 1]
[2, 440976, 1501579621, 3]
[2, 440976, 1501579666, 4]
[2, 127307, 1501587673, 1]
[2, 127307, 1501587683, 3]
[2, 127307, 1501587731, 4]
[2, 241970, 1501749157, 1]
[2, 241970, 1501754510, 1]
[2, 298327, 1501754600, 1]
[2, 298327, 1501756801, 3]
[2, 298327, 1501756853, 4]
[2, 298327, 1501762243, 1]
[2, 298327, 1501762251, 3]
[2, 298327, 1501762255, 4]
[2, 298327, 1501762292, 3]
[2, 298327, 1501762353, 4]
[2, 37775, 1501928864, 1]
[2, 37775, 1501935394, 1]
[2, 296306, 1501989710, 1]
[2, 178016, 1502165359, 1]
[2, 177734, 1502165365, 1]
[2, 314812, 1502166368, 1]
[2, 100521, 1502166427, 1]
[2, 100521, 1502166466, 3]
[2, 303823, 1502166487, 1]
[2, 197959, 1502167737, 1]
[2, 14881, 1502170134, 1]
[2, 100521, 1502172148, 1]
[2, 177734, 1502172887, 1]
[2, 178016, 1502178135, 1]
[2, 177734, 1502178171, 1]
[2, 177734, 1502178181, 3]
[2, 178016, 1502178277, 3]
[2, 177734, 1502178397, 3]
[2, 177734, 1502178476, 3]
[2, 177734, 1502178504, 4]
[2, 100521, 1502178624, 1]
[2, 303823, 1502178766, 1]
[2, 303823, 1502178820, 3]
[2, 303823, 1502178841, 3]
[2, 303823, 1502178920, 4]
[2, 314812, 1502178937, 1]
[2, 303823, 1502179355, 1]
[2, 127307, 1502179388, 1]
[2, 177734, 1502179901, 1]
[2, 177734, 1502179922, 3]
[2, 177734, 1502179981, 4]
[2, 127307, 1502180024, 3]
[2, 127307, 1502180032, 4]
[2, 303823, 1502180367, 3]
[2, 303823, 1502180485, 4]
[2, 197959, 1502180650, 1]
[2, 197959, 1502180654, 3]
[2, 197959, 1502180661, 3]
[2, 197959, 1502180703, 4]
[2, 127307, 1502186579, 1]
[2, 77643, 1502188838, 1]
[2, 77643, 1502188842, 3]
[2, 77643, 1502188873, 4]
[2, 127307, 1502190682, 1]
[2, 127307, 1502190717, 3]
[2, 127307, 1502190761, 4]
[2, 440976, 1502191539, 1]
[2, 225606, 1502191547, 1]
[2, 303823, 1502192544, 1]
[2, 14881, 1502196339, 1]
[2, 14881, 1502196343, 3]
[2, 14881, 1502196396, 4]
[2, 77643, 1502196902, 1]
[2, 77643, 1502197582, 1]
[2, 77643, 1502204942, 1]
[2, 77643, 1502204946, 3]
[2, 77643, 1502205066, 4]
[2, 14881, 1502205358, 1]
[2, 14881, 1502205362, 3]
[2, 14881, 1502205412, 4]
[2, 14881, 1502205538, 3]
[2, 14881, 1502205594, 4]
[2, 303823, 1502205622, 1]
[2, 303823, 1502205629, 3]
[2, 303823, 1502205638, 4]
[2, 14881, 1502207684, 3]
[2, 14881, 1502207741, 4]
[2, 298327, 1502251201, 1]
[2, 298327, 1502251206, 3]
[2, 298327, 1502251261, 4]
[2, 298327, 1502292399, 1]
[2, 298327, 1502292460, 3]
[2, 298327, 1502292466, 4]
[2, 298327, 1502346297, 1]
[2, 298327, 1502346303, 3]
[2, 298327, 1502346381, 4]
[2, 178016, 1502423616, 1]
[2, 178016, 1502424290, 1]
[2, 177734, 1502424303, 1]
[2, 244889, 1502583840, 1]
[2, 115619, 1502711050, 1]
[2, 455649, 1502711236, 1]
[2, 382511, 1502856761, 1]
[2, 37972, 1502856812, 1]
[2, 327324, 1502857468, 1]
[2, 207776, 1502857770, 1]
[2, 474988, 1502858496, 1]
[2, 474988, 1502858505, 3]
[2, 474988, 1502858685, 3]
[2, 18829, 1502872466, 1]
[2, 18829, 1503030470, 1]
[2, 220698, 1503130879, 1]
[2, 48503, 1503315216, 1]
[2, 298327, 1503370208, 1]
[2, 298327, 1503370281, 3]
[2, 298327, 1503370526, 3]
[2, 298327, 1503370579, 4]
[2, 279834, 1503390787, 1]
[2, 9294, 1503390815, 1]
[2, 9294, 1503390836, 3]
[2, 177734, 1503593901, 1]
[2, 177734, 1503593907, 3]
[2, 177734, 1503593976, 4]
[4, 471739, 1501119132, 1]
[4, 306139, 1501140834, 1]
[4, 90936, 1501140845, 1]
[4, 471739, 1501140909, 1]
[4, 414625, 1501141051, 1]
[4, 177734, 1501150150, 1]
[4, 299522, 1501290298, 1]
[4, 149887, 1501290532, 1]
[4, 471739, 1501290562, 1]
[4, 415896, 1501290591, 1]
[4, 307191, 1501290662, 1]
[4, 312234, 1501290716, 1]
[4, 101842, 1501290862, 1]
[4, 148180, 1501291074, 1]
[4, 270072, 1501291241, 1]
[4, 312234, 1501291447, 1]
[4, 8012, 1501291628, 1]
[4, 114994, 1501291689, 1]
[4, 312234, 1501296358, 1]
[4, 114994, 1501305532, 1]
[4, 312234, 1501305905, 1]
[4, 312234, 1501305925, 1]
[4, 101842, 1501305976, 1]
[4, 275985, 1501306308, 1]
[4, 370532, 1501306362, 1]
[4, 315246, 1501306370, 1]
[4, 370691, 1501459242, 1]
[4, 181582, 1501462861, 1]
[4, 251899, 1501472843, 1]
[4, 306987, 1501495869, 1]
[4, 344811, 1501496019, 1]
[4, 337812, 1501541667, 1]
[4, 415865, 1501551109, 1]
[4, 290926, 1501551122, 1]
[4, 6911, 1501551136, 1]
[4, 28417, 1501551784, 1]
[4, 93037, 1501553005, 1]
[4, 264030, 1501555821, 1]
[4, 28417, 1501555927, 1]
[4, 461604, 1501556019, 1]
[4, 218029, 1501556345, 1]
[4, 475521, 1501711075, 1]
[4, 238340, 1501711212, 1]
[4, 417780, 1501711332, 1]
[4, 307403, 1501711343, 1]
[4, 295283, 1501711453, 1]
[4, 291895, 1501720771, 1]
[4, 353066, 1501722883, 1]
[4, 353066, 1501722909, 3]
[4, 367448, 1501722971, 1]
[4, 367448, 1501723004, 3]
[4, 367448, 1501723047, 3]
[4, 353066, 1501723138, 3]
[4, 353066, 1501723168, 4]
[4, 168553, 1501731564, 1]
[4, 353066, 1501735906, 1]
[4, 370120, 1501735932, 1]
[4, 75203, 1501736030, 1]
[4, 75203, 1501736908, 1]
[4, 453540, 1501737780, 1]
[4, 316984, 1501737810, 1]
[4, 353066, 1501737871, 1]
[4, 366549, 1501737915, 1]
[4, 38889, 1501737966, 1]
[4, 383521, 1501744064, 1]
[4, 142758, 1501744273, 1]
[4, 353066, 1501744430, 1]
[4, 353066, 1501747852, 1]
[4, 378231, 1501797906, 1]
[4, 101891, 1501797913, 1]
[4, 144897, 1501797994, 1]
[4, 364153, 1501798005, 1]
[4, 44417, 1501798069, 1]
[4, 347222, 1501798281, 1]
[4, 169104, 1501798385, 1]
[4, 437643, 1501802836, 1]
[4, 469513, 1501807440, 1]
[4, 7471, 1501807519, 1]
[4, 453976, 1501807557, 1]
[4, 82959, 1501807623, 1]
[4, 142203, 1501807650, 1]
[4, 144390, 1501807662, 1]
[4, 366484, 1501807748, 1]
[4, 314255, 1501808104, 1]
[4, 221720, 1501808252, 1]
[4, 147005, 1501821599, 1]
[4, 308935, 1501840906, 1]
[4, 393600, 1501840944, 1]
[4, 410487, 1501841055, 1]
[4, 293872, 1501841068, 1]
[4, 144579, 1501885450, 1]
[4, 103537, 1501885484, 1]
[4, 49162, 1501885586, 1]
[4, 80357, 1501885704, 1]
[4, 201183, 1501885883, 1]
[4, 232035, 1501886021, 1]
[4, 34316, 1501886034, 1]
[4, 34316, 1501891860, 1]
[4, 34316, 1501895742, 1]
[4, 103537, 1501895780, 1]
[4, 101512, 1501895897, 1]
[4, 77992, 1501895952, 1]
[4, 264904, 1501896231, 1]
[4, 87848, 1501896352, 1]
[4, 34316, 1501922525, 1]
[4, 157256, 1501971060, 1]
[4, 49429, 1501981216, 1]
[4, 398530, 1501981257, 1]
[4, 208264, 1501981320, 1]
[4, 142203, 1501981429, 1]
[4, 324472, 1501984147, 1]
[4, 324485, 1501984208, 1]
[4, 164792, 1501984234, 1]
[4, 278952, 1501984338, 1]
[4, 256962, 1501988195, 1]
[4, 343522, 1501988215, 1]
[4, 49429, 1502013660, 1]
[4, 357289, 1502013759, 1]
[4, 122239, 1502062417, 1]
[4, 201183, 1502069528, 1]
[4, 350533, 1502069558, 1]
[4, 123676, 1502069868, 1]
[4, 102426, 1502072229, 1]
[4, 371417, 1502072249, 1]
[4, 372270, 1502088752, 1]
[4, 9641, 1502088823, 1]
[4, 426182, 1502088842, 1]
[4, 366549, 1502089052, 1]
[4, 462593, 1502089115, 1]
[4, 372270, 1502089205, 1]
[4, 102405, 1502089258, 1]
[4, 264904, 1502089275, 1]
[4, 426182, 1502089405, 1]
[4, 426182, 1502089610, 3]
[4, 426182, 1502089655, 4]
[4, 426182, 1502089736, 3]
[4, 426182, 1502089797, 4]
[4, 9641, 1502090031, 1]
[4, 366549, 1502090291, 1]
[4, 290808, 1502092601, 1]
[4, 26220, 1502092843, 1]
[4, 372270, 1502093007, 1]
[4, 426182, 1502093027, 1]
[4, 247342, 1502102668, 1]
[4, 372268, 1502102687, 1]
[4, 372268, 1502102713, 1]
[4, 360040, 1502102739, 1]
[4, 157257, 1502102743, 1]
[4, 327799, 1502102950, 1]
[4, 210988, 1502102986, 1]
[4, 372269, 1502102993, 1]
[4, 293463, 1502103021, 1]
[4, 264904, 1502103114, 1]
[4, 426182, 1502103170, 1]
[4, 210988, 1502103660, 1]
[4, 372269, 1502103738, 1]
[4, 157257, 1502103768, 1]
[4, 426182, 1502103808, 1]
[4, 372268, 1502103826, 1]
[4, 401353, 1502103850, 1]
[4, 739, 1502103919, 1]
[4, 58456, 1502103974, 1]
[4, 295518, 1502145461, 1]
[4, 210987, 1502145474, 1]
[4, 76475, 1502149281, 1]
[4, 304508, 1502149782, 1]
[4, 356110, 1502158034, 1]
[4, 407269, 1502178300, 1]
[4, 24358, 1502178347, 1]
[4, 308232, 1502178578, 1]
[4, 140485, 1502229492, 1]
[4, 29660, 1502229665, 1]
[4, 61895, 1502229709, 1]
[4, 372269, 1502240804, 1]
[4, 264904, 1502240814, 1]
[4, 264904, 1502241314, 3]
[4, 264904, 1502241331, 4]
[4, 22602, 1502248582, 1]
[4, 31706, 1502249282, 1]
[4, 411686, 1502265157, 1]
[4, 245493, 1502316722, 1]
[4, 965, 1502316928, 1]
[4, 235621, 1502316981, 1]
[4, 89977, 1502317103, 1]
[4, 466909, 1502317119, 1]
[4, 305687, 1502317133, 1]
[4, 341003, 1502317158, 1]
[4, 79689, 1502317253, 1]
[4, 297902, 1502325826, 1]
[4, 245493, 1502327246, 1]
[4, 426182, 1502331632, 1]
[4, 264904, 1502334575, 1]
[4, 426182, 1502334603, 1]
[4, 34518, 1502346444, 1]
[4, 305635, 1502349034, 1]
[4, 72478, 1502349387, 1]
[4, 110539, 1502406122, 1]
[4, 378570, 1502413773, 1]
[4, 469927, 1502414479, 1]
[4, 200839, 1502419196, 1]
[4, 63271, 1502434707, 1]
[4, 364993, 1502447877, 1]
[4, 334064, 1502448065, 1]
[4, 102426, 1502448224, 1]
[4, 142881, 1502448366, 1]
[4, 305215, 1502448407, 1]
[4, 298818, 1502448478, 1]
[4, 319643, 1502490332, 1]
[4, 20970, 1502490949, 1]
[4, 328349, 1502491028, 1]
[4, 380138, 1502491072, 1]
[4, 267110, 1502491121, 1]
[4, 458122, 1502491207, 1]
[4, 114204, 1502491490, 1]
[4, 24983, 1502491600, 1]
[4, 259525, 1502499082, 1]
[4, 267110, 1502500499, 1]
[4, 12482, 1502513316, 1]
[4, 125297, 1502576753, 1]
[4, 293550, 1502584844, 1]
[4, 15622, 1502589147, 1]
[4, 350623, 1502677452, 1]
[4, 361596, 1502677489, 1]
[4, 61702, 1502677797, 1]
[4, 61702, 1502677836, 3]
[4, 137925, 1502677893, 1]
[4, 471941, 1502678130, 1]
[4, 471941, 1502678262, 3]
[4, 98790, 1502690265, 1]
[4, 381924, 1502748025, 1]
[4, 466699, 1502748100, 1]
[4, 192489, 1502748138, 1]
[4, 106377, 1502748167, 1]
[4, 213913, 1502762153, 1]
[4, 34604, 1502773595, 1]
[4, 11178, 1502773715, 1]
[4, 288507, 1502796018, 1]
[4, 213913, 1502796304, 1]
[4, 235466, 1502835484, 1]
[4, 462502, 1502835552, 1]
[4, 254513, 1502835611, 1]
[4, 276723, 1502846728, 1]
[4, 462502, 1502846857, 1]
[4, 105674, 1502865719, 1]
[4, 258588, 1502865748, 1]
[4, 243581, 1502865839, 1]
[4, 367499, 1502865993, 1]
[4, 29532, 1502866070, 1]
[4, 254513, 1502866115, 1]
[4, 41989, 1502866545, 1]
[4, 106700, 1502866564, 1]
[4, 258947, 1502866723, 1]
[4, 258947, 1502866768, 3]
[4, 151392, 1502866805, 1]
[4, 151392, 1502866821, 3]
[4, 10181, 1502866995, 1]
[4, 18754, 1502872764, 1]
[4, 106700, 1502873480, 1]
[4, 254513, 1502873536, 1]
[4, 308231, 1502873779, 1]
[4, 200866, 1502873807, 1]
[4, 99779, 1502874609, 1]
[4, 428041, 1502922752, 1]
[4, 312783, 1502932617, 1]
[4, 352554, 1502932753, 1]
[4, 264576, 1502938849, 1]
[4, 182587, 1502939492, 1]
[4, 270818, 1502939552, 1]
[4, 168553, 1502969988, 1]
[4, 313932, 1503007542, 1]
[4, 213140, 1503007614, 1]
[4, 175180, 1503007626, 1]
[4, 44766, 1503051561, 1]
[4, 375508, 1503100746, 1]
[4, 107099, 1503106541, 1]
[4, 244305, 1503106638, 1]
[4, 203315, 1503106666, 1]
[4, 83874, 1503136655, 1]
[4, 353591, 1503136670, 1]
[4, 34316, 1503151024, 1]
[4, 406298, 1503151132, 1]
[4, 84654, 1503151168, 1]
[4, 411506, 1503193478, 1]
[4, 352554, 1503193820, 1]
[4, 433292, 1503213798, 1]
[4, 361863, 1503213816, 1]
[4, 145988, 1503214618, 1]
[4, 160296, 1503215800, 1]
[4, 21679, 1503236435, 1]
[4, 32013, 1503283003, 1]
[4, 237373, 1503283088, 1]
[4, 113636, 1503283217, 1]
[4, 237373, 1503285500, 1]
[4, 430009, 1503353962, 1]
[4, 385164, 1503354943, 1]
[4, 214648, 1503354972, 1]
[4, 430009, 1503358237, 1]
[4, 213140, 1503361887, 1]
[4, 348656, 1503361975, 1]
[4, 430009, 1503362248, 1]
[4, 97485, 1503362493, 1]
[4, 69380, 1503372378, 1]
[4, 321492, 1503405543, 1]
[4, 341161, 1503405573, 1]
[4, 205009, 1503405741, 1]
[4, 430009, 1503405844, 1]
[4, 340216, 1503405881, 1]
[4, 12725, 1503405979, 1]
[4, 161172, 1503406012, 1]
[4, 430009, 1503407093, 1]
[4, 50906, 1503440151, 1]
[4, 169391, 1503440186, 1]
[4, 353204, 1503440243, 1]
[4, 412193, 1503440273, 1]
[4, 107398, 1503450002, 1]
[4, 107398, 1503450075, 3]
[4, 107398, 1503453014, 3]
[4, 107398, 1503467385, 1]
[4, 1615, 1503467653, 1]
[4, 22337, 1503467909, 1]
[4, 428209, 1503470535, 1]
[4, 353204, 1503471450, 1]
[4, 7240, 1503507232, 1]
[4, 484841, 1503507276, 1]
[4, 484841, 1503507306, 1]
[4, 430009, 1503507381, 1]
[4, 307622, 1503507736, 1]
[4, 744, 1503550749, 1]
[4, 379561, 1503550877, 1]
[4, 53792, 1503614025, 1]
[4, 407431, 1503614101, 1]
[4, 161300, 1503623033, 1]
[4, 53792, 1503623195, 1]
[4, 376849, 1503623552, 1]
[4, 430772, 1503625806, 1]
[4, 63271, 1503625835, 1]
[4, 429114, 1503625913, 1]
[4, 299448, 1503626031, 1]
[4, 430866, 1503626073, 1]
[4, 430866, 1503626096, 1]
[4, 394754, 1503626225, 1]
[4, 351712, 1503632333, 1]
[10, 46241, 1501118712, 1]
[10, 303382, 1501119732, 1]
[10, 303382, 1501120034, 3]
[10, 303382, 1501120359, 3]
[10, 303382, 1501120479, 3]
[10, 303382, 1501123327, 1]
[10, 303382, 1501123404, 3]
[10, 303382, 1501123458, 4]
[10, 303382, 1501123487, 3]
[10, 303382, 1501123528, 4]
[10, 303382, 1501147263, 1]
[10, 303382, 1501156297, 1]
[10, 225468, 1501296708, 1]
[10, 225468, 1501296747, 3]
[10, 382905, 1501298118, 1]
[10, 417670, 1501726233, 1]
[10, 334365, 1502069226, 1]
[10, 454430, 1502069512, 1]
[10, 334365, 1502069709, 3]
[10, 334365, 1502069759, 4]
[10, 178240, 1502070684, 1]
[10, 178240, 1502070887, 3]
[10, 178240, 1502070902, 3]
[10, 178240, 1502071355, 1]
[10, 178240, 1502071358, 3]
[10, 392901, 1502071764, 1]
[10, 392901, 1502072080, 3]
[10, 206431, 1502162830, 1]
[10, 41004, 1502163075, 1]
[10, 132677, 1502613377, 1]
[10, 88797, 1502675675, 1]
[10, 88797, 1502675830, 3]
[10, 214056, 1502976801, 1]
[10, 214664, 1503107703, 1]
[10, 214056, 1503107967, 1]
[10, 214056, 1503108022, 1]
[10, 214056, 1503108161, 3]
[10, 214056, 1503108175, 4]
[10, 49555, 1503108245, 1]
[10, 49555, 1503108353, 3]
[10, 125886, 1503109001, 1]
[10, 319643, 1503198176, 1]
[10, 80067, 1503198516, 1]
[10, 80067, 1503198549, 3]
[10, 87272, 1503198564, 1]
[10, 87272, 1503198580, 3]
[10, 132950, 1503198609, 1]
[10, 93045, 1503232507, 1]
[10, 357924, 1503232510, 1]
[10, 357924, 1503232546, 3]
[10, 256858, 1503232571, 1]
[10, 150726, 1503232607, 1]
[10, 43840, 1503232654, 1]
[10, 39737, 1503566951, 1]
[10, 474023, 1503567020, 1]
[10, 256395, 1503567233, 1]
[10, 152204, 1503567330, 1]
[10, 401283, 1503567349, 1]
[10, 211925, 1503567434, 1]
[10, 211925, 1503567462, 3]
[10, 211925, 1503567859, 3]
[10, 211925, 1503567867, 4]
[10, 211925, 1503570948, 1]
[10, 92579, 1503571808, 1]
[10, 92579, 1503571894, 3]
[10, 92579, 1503571899, 4]
[10, 202678, 1503652150, 1]
[16, 206370, 1501502678, 1]
[16, 353022, 1501899097, 1]
[16, 304518, 1501899189, 1]
[16, 304518, 1501899212, 3]
[16, 301338, 1501899411, 1]
[16, 301338, 1501899454, 3]
[16, 407706, 1502177960, 1]
[16, 57033, 1502181069, 1]
[16, 299470, 1502245733, 1]
[16, 192192, 1502245852, 1]
[16, 347794, 1502245957, 1]
[16, 158488, 1502287318, 1]
[16, 248105, 1502290109, 1]
[16, 137279, 1502290192, 1]
[16, 248105, 1502290390, 3]
[16, 248105, 1502290396, 4]
[16, 204391, 1502290420, 1]
[16, 395226, 1502290528, 1]
[16, 313498, 1502461297, 1]
[16, 203725, 1502461433, 1]
[16, 414397, 1502461932, 1]
[16, 414397, 1502461953, 3]
[16, 123636, 1502893760, 1]
[16, 347732, 1502937745, 1]
[16, 422295, 1502978309, 1]
[16, 244704, 1503022180, 1]
[16, 69282, 1503074732, 1]
[16, 69282, 1503074735, 3]
[16, 69282, 1503074745, 4]
[16, 105350, 1503105787, 1]
[16, 231839, 1503321385, 1]
[16, 254333, 1503392365, 1]
[27, 152912, 1501895835, 1]
[27, 152912, 1501895889, 3]
[27, 297322, 1502166841, 1]
[27, 351411, 1502168282, 1]
[27, 183834, 1502294701, 1]
[27, 4781, 1502295552, 1]
[27, 171485, 1502296709, 1]
[27, 364214, 1502413431, 1]
[27, 49959, 1502414499, 1]
[27, 91495, 1502414623, 1]
[27, 93759, 1502414645, 1]
[27, 90404, 1502611494, 1]
[27, 90404, 1502611534, 3]
[27, 90404, 1502611537, 4]
[27, 403946, 1502611910, 1]
[27, 88456, 1502612573, 1]
[27, 217063, 1502612814, 1]
[27, 292582, 1502613058, 1]
[27, 142592, 1502613492, 1]
[27, 8088, 1502614051, 1]
[27, 278533, 1502614246, 1]
[27, 313116, 1502614621, 1]
[27, 411004, 1502794654, 1]
[27, 411004, 1502794662, 3]
[27, 411004, 1502794666, 4]
[27, 304246, 1502794766, 1]
[27, 194794, 1502795034, 1]
[27, 90404, 1502795153, 1]
[27, 106700, 1502864075, 1]
[27, 464709, 1502945246, 1]
[27, 464709, 1502945287, 3]
[27, 464709, 1502945290, 4]
[27, 249599, 1502945406, 1]
[27, 93328, 1502983628, 1]
[27, 420069, 1502983661, 1]
[27, 156536, 1502983670, 1]
[27, 156536, 1502983692, 3]
[27, 88133, 1502983739, 1]
[27, 88133, 1502983746, 3]
[27, 88133, 1502983751, 4]
[27, 34316, 1502983816, 1]
[27, 304246, 1502983828, 1]
[27, 464709, 1502985263, 1]
[27, 86830, 1503019554, 1]
[27, 62700, 1503019705, 1]
[27, 216673, 1503019886, 1]
[27, 339728, 1503249016, 1]
[27, 360437, 1503249066, 1]
[27, 439499, 1503249326, 1]
[27, 290653, 1503385362, 1]
[27, 197937, 1503390015, 1]
[27, 290653, 1503390084, 1]
[27, 142203, 1503501992, 1]
[27, 88144, 1503502003, 1]
[27, 88144, 1503502020, 3]
[27, 88144, 1503502028, 4]
[27, 144279, 1503502122, 1]
[27, 196051, 1503502389, 1]
[27, 196051, 1503502408, 3]
[27, 196051, 1503502419, 4]
[27, 304168, 1503557280, 1]
[27, 64072, 1503558275, 1]
[27, 304168, 1503559410, 1]
[27, 459805, 1503662891, 1]
[27, 411374, 1503663166, 1]
[27, 418273, 1503663793, 1]
[27, 383981, 1503664122, 1]
[28, 87048, 1501151661, 1]
[28, 87048, 1501151783, 3]
[28, 471118, 1501151817, 1]
[28, 201658, 1501947250, 1]
[28, 201658, 1501947292, 3]
[28, 201658, 1501947419, 3]
[28, 201658, 1501947423, 4]
[28, 202928, 1501947754, 1]
[28, 325665, 1501987334, 1]
[28, 257126, 1501987702, 1]
[28, 119893, 1501987759, 1]
[28, 119893, 1501987814, 3]
[28, 364582, 1501987862, 1]
[28, 471505, 1501988034, 1]
[28, 278244, 1501988637, 1]
[28, 111985, 1501989035, 1]
[28, 134364, 1502010608, 1]
[28, 261093, 1502262151, 1]
[28, 88906, 1502370916, 1]
[28, 270125, 1502677796, 1]
[28, 270125, 1502677834, 3]
[28, 270125, 1502677850, 3]
[28, 270125, 1502677874, 3]
[28, 258626, 1502678046, 1]
[28, 258626, 1502678091, 3]
[28, 258626, 1502678114, 3]
[28, 272888, 1502678455, 1]
[28, 272888, 1502678474, 3]
[28, 42128, 1502678552, 1]
[28, 285619, 1502678632, 1]
[28, 285619, 1502678650, 3]
[28, 373843, 1502678715, 1]
[28, 270125, 1502679232, 4]
[28, 258626, 1502679232, 4]
[28, 258626, 1502679232, 4]
[28, 258626, 1502679232, 4]
[28, 270125, 1502693653, 1]
[28, 383963, 1503308767, 1]
[28, 383963, 1503308797, 3]
[28, 101711, 1503406166, 1]
[28, 154216, 1503406976, 1]
[28, 41264, 1503458521, 1]
[28, 41264, 1503458570, 3]
[28, 291717, 1503458585, 1]
[28, 291717, 1503458604, 3]
[28, 227379, 1503458613, 1]
[28, 227379, 1503458625, 3]
[28, 258404, 1503458637, 1]
[28, 473678, 1503458647, 1]
[28, 144218, 1503458672, 1]
[29, 437153, 1501118061, 1]
[29, 8032, 1501118128, 1]
[29, 144037, 1501462364, 1]
[29, 177592, 1501462381, 1]
[29, 208620, 1501487470, 1]
[29, 140480, 1501513054, 1]
[29, 151697, 1501562042, 1]
[29, 177592, 1501892038, 1]
[29, 470924, 1502158639, 1]
[29, 244427, 1502158876, 1]
[29, 409411, 1502159605, 1]
[29, 134176, 1502159618, 1]
[29, 199497, 1502159871, 1]
[29, 61871, 1502159987, 1]
[29, 409483, 1502160212, 1]
[29, 319643, 1502334622, 1]
[29, 319643, 1502334628, 3]
[29, 143347, 1502338877, 1]
[29, 56133, 1502414685, 1]
[29, 440925, 1502515702, 1]
[29, 26058, 1502588820, 1]
[29, 172208, 1502766742, 1]
[29, 106700, 1502852073, 1]
[29, 106700, 1503026497, 1]
[29, 75065, 1503066968, 1]
[29, 75065, 1503067024, 3]
[29, 75065, 1503067062, 3]
[29, 161056, 1503104124, 1]
[29, 108905, 1503152886, 1]
[29, 113065, 1503277800, 1]
[29, 21326, 1503377290, 1]
[29, 75065, 1503377351, 1]
[29, 23094, 1503377379, 1]
[29, 277179, 1503381305, 1]
[30, 218112, 1501130197, 1]
[30, 218112, 1501130256, 3]
[30, 117253, 1501130756, 1]
[30, 117253, 1501130836, 3]
[30, 464936, 1501145549, 1]
[30, 137430, 1501145631, 1]
[30, 399045, 1501145960, 1]
[30, 434584, 1501146766, 1]
[30, 436131, 1501146816, 1]
[30, 436131, 1501146949, 3]
[30, 436131, 1501146985, 3]
[30, 224014, 1501149047, 1]
[30, 163370, 1501149203, 1]
[30, 463646, 1501485583, 1]
[30, 271208, 1501485633, 1]
[30, 236827, 1501486827, 1]
[30, 60823, 1501486855, 1]
[30, 60823, 1501486873, 3]
[30, 138482, 1501512369, 1]
[30, 116931, 1501512586, 1]
[30, 77442, 1501512600, 1]
[30, 357043, 1501513317, 1]
[30, 227675, 1501725335, 1]
[30, 227675, 1501725472, 3]
[30, 294184, 1501733733, 1]
[30, 294184, 1501733749, 3]
[30, 372740, 1502177730, 1]
[30, 352349, 1502178876, 1]
[30, 307391, 1502179108, 1]
[30, 304505, 1502179129, 1]
[30, 304505, 1502179241, 1]
[30, 29787, 1502635303, 1]
[30, 446693, 1502789488, 1]
[30, 18381, 1503407421, 1]
[30, 18381, 1503407454, 3]
[30, 18381, 1503407519, 3]
[30, 286507, 1503414832, 1]
[30, 269009, 1503580057, 1]
[30, 342989, 1503580197, 1]
[30, 57763, 1503580666, 1]
[30, 83759, 1503580722, 1]
[31, 406623, 1501597281, 1]
[31, 68364, 1501719815, 1]
[31, 208073, 1501719912, 1]
[31, 252834, 1501720015, 1]
[31, 293213, 1501756109, 1]
[31, 417860, 1501810742, 1]
[31, 356476, 1501981558, 1]
[31, 124530, 1501981618, 1]
[31, 472884, 1501981655, 1]
[31, 71088, 1502084945, 1]
[31, 77922, 1502411356, 1]
[31, 77922, 1502411567, 3]
[31, 111810, 1502411619, 1]
[31, 467206, 1502541395, 1]
[31, 260876, 1502667327, 1]
[31, 245597, 1502667394, 1]
[31, 426123, 1502667469, 1]
[31, 288134, 1502670706, 1]
[31, 291566, 1502760325, 1]
[31, 136586, 1502888315, 1]
[31, 136250, 1502888489, 1]
[31, 368402, 1502888646, 1]
[31, 69185, 1502888847, 1]
[31, 119251, 1502888891, 1]
[31, 221137, 1502888909, 1]
[31, 105255, 1502889062, 1]
[31, 52290, 1502889476, 1]
[31, 71452, 1502889641, 1]
[31, 319880, 1502950982, 1]
[31, 341223, 1503025510, 1]
[31, 380216, 1503200275, 1]
[31, 172743, 1503200352, 1]
[31, 423525, 1503200430, 1]
[31, 442727, 1503361825, 1]
[31, 462163, 1503364655, 1]
[31, 260876, 1503364992, 1]
[31, 317161, 1503369510, 1]
[31, 160148, 1503369639, 1]
[31, 250557, 1503385735, 1]
[31, 178056, 1503385944, 1]
[31, 178056, 1503385946, 3]
[31, 317570, 1503390010, 1]
[31, 429200, 1503390069, 1]
[31, 280983, 1503390682, 1]
[31, 114376, 1503391440, 1]
[31, 170034, 1503391580, 1]
[31, 108338, 1503391628, 1]
[31, 26193, 1503391866, 1]
[31, 350427, 1503392146, 1]
[31, 476559, 1503392329, 1]
[31, 289588, 1503408449, 1]
[31, 213990, 1503443166, 1]
[31, 209382, 1503443335, 1]
[31, 104079, 1503443461, 1]
[31, 334302, 1503454101, 1]
[31, 73305, 1503454708, 1]
[31, 73307, 1503454773, 1]
[31, 73307, 1503454800, 3]
[31, 451628, 1503454827, 1]
[31, 104079, 1503454899, 1]
[31, 111161, 1503455475, 1]
[31, 102577, 1503455522, 1]
[31, 73307, 1503456084, 4]
[31, 269438, 1503464417, 1]
[31, 334457, 1503616785, 1]
[31, 114384, 1503616811, 1]
[31, 446796, 1503637167, 1]
[31, 127847, 1503637377, 1]
[31, 182968, 1503638152, 1]
[31, 396720, 1503638303, 1]
[31, 4030, 1503638748, 1]
[31, 125746, 1503639281, 1]
[31, 125746, 1503639291, 3]
[31, 226610, 1503639434, 1]
[31, 226610, 1503639463, 3]
[31, 226610, 1503639469, 3]
[31, 263519, 1503644985, 1]
[31, 226610, 1503645033, 1]
[31, 428063, 1503654677, 1]
[31, 428063, 1503654818, 3]
[31, 173074, 1503655145, 1]
[31, 226610, 1503655169, 1]
[31, 119247, 1503655443, 1]
[31, 450451, 1503655686, 1]
[31, 428063, 1503655802, 4]
[31, 428063, 1503655812, 1]
[31, 18334, 1503656322, 1]
[35, 45808, 1501151616, 1]
[35, 446556, 1501290420, 1]
[35, 381907, 1501813751, 1]
[35, 462801, 1501813819, 1]
[35, 93749, 1501846537, 1]
[35, 433892, 1501989966, 1]
[35, 232854, 1501990003, 1]
[35, 226939, 1501990490, 1]
[35, 35565, 1502076610, 1]
[35, 249602, 1502076615, 1]
[35, 264112, 1502092767, 1]
[35, 391215, 1502092799, 1]
[35, 253766, 1502092897, 1]
[35, 264268, 1502093135, 1]
[35, 262991, 1502515318, 1]
[35, 472627, 1502761171, 1]
[35, 472627, 1502761196, 3]
[35, 472627, 1502761202, 3]
[35, 208447, 1502761378, 1]
[35, 358324, 1502897912, 1]
[35, 358324, 1502897924, 3]
[35, 432864, 1502897936, 1]
[35, 186936, 1502897939, 1]
[35, 419876, 1502897946, 1]
[35, 195684, 1502897963, 1]
[35, 209053, 1503329583, 1]
[35, 446172, 1503330301, 1]
[35, 181924, 1503330307, 1]
[35, 69089, 1503332806, 1]
[35, 181853, 1503332924, 1]
[35, 483371, 1503501456, 1]
[35, 17471, 1503501584, 1]
[35, 417494, 1503502455, 1]
[35, 41316, 1503502589, 1]
[35, 93750, 1503539377, 1]
[35, 254333, 1503540030, 1]
[35, 14939, 1503540509, 1]
[35, 181899, 1503540527, 1]
[35, 127950, 1503540566, 1]
[35, 177150, 1503540646, 1]
[35, 449630, 1503540703, 1]
[35, 449630, 1503540727, 3]
[35, 449630, 1503540751, 3]
[35, 115624, 1503541077, 1]
[35, 221025, 1503541172, 1]
[35, 56075, 1503541175, 1]
[35, 74715, 1503541434, 1]
[35, 317783, 1503541529, 1]
[35, 74715, 1503541608, 3]
[35, 115624, 1503552123, 1]
[35, 221025, 1503552151, 1]
[35, 221025, 1503552254, 3]
[35, 221025, 1503552260, 3]
[35, 233604, 1503552491, 1]
[35, 19518, 1503552635, 1]
[35, 177018, 1503552956, 1]
[35, 73172, 1503554989, 1]
[35, 19099, 1503555049, 1]
[35, 104525, 1503555075, 1]
[35, 19099, 1503555171, 1]
[35, 414942, 1503627175, 1]
[39, 330216, 1501146363, 1]
[39, 387114, 1501741091, 1]
[39, 68379, 1502161576, 1]
[39, 290618, 1502244428, 1]
[39, 234593, 1502244533, 1]
[39, 248621, 1502244657, 1]
[39, 195026, 1502244681, 1]
[39, 195026, 1502350383, 1]
[39, 301754, 1502412734, 1]
[39, 275710, 1502413582, 1]
[39, 281210, 1502413733, 1]
[39, 157455, 1502636041, 1]
[39, 448665, 1502636415, 1]
[39, 167429, 1502636789, 1]
[39, 290618, 1502676175, 1]
[39, 165132, 1502676226, 1]
[39, 56933, 1502678375, 1]
[39, 436499, 1502678416, 1]
[39, 7462, 1502678477, 1]
[39, 176289, 1502678676, 1]
[39, 317619, 1502678741, 1]
[39, 212288, 1502678770, 1]
[39, 420330, 1502760863, 1]
[39, 314785, 1502760896, 1]
[39, 115086, 1502845239, 1]
[39, 18834, 1502846061, 1]
[39, 126598, 1502846207, 1]
[39, 442637, 1503325935, 1]
[39, 421688, 1503326440, 1]
[39, 393445, 1503411234, 1]
[39, 38048, 1503411845, 1]
[39, 368959, 1503446659, 1]
[39, 244044, 1503447005, 1]
[39, 271974, 1503447311, 1]
[39, 441966, 1503447760, 1]
[39, 104698, 1503447913, 1]
[39, 230059, 1503448078, 1]
[39, 220966, 1503451207, 1]
[39, 220966, 1503457043, 1]
[39, 345021, 1503457106, 1]
[39, 72067, 1503457759, 1]
[39, 239302, 1503577742, 1]
[39, 436499, 1503577952, 1]
[39, 232077, 1503669734, 1]
[42, 39093, 1501292752, 1]
[42, 312066, 1501470269, 1]
[42, 3368, 1501595024, 1]
[42, 562, 1501595873, 1]
[42, 562, 1501595876, 3]
[42, 472795, 1502182282, 1]
[42, 472795, 1502182296, 3]
[42, 478501, 1502182305, 1]
[42, 478501, 1502182362, 3]
[42, 22350, 1502502892, 1]
[42, 303771, 1502515754, 1]
[42, 30271, 1502774340, 1]
[42, 30271, 1502774344, 3]
[42, 106700, 1502866172, 1]
[42, 18829, 1502866233, 1]
[42, 211484, 1502876389, 1]
[42, 246137, 1502877347, 1]
[42, 246137, 1502877379, 3]
[42, 246137, 1502877385, 3]
[42, 221482, 1502885615, 1]
[42, 221482, 1502885622, 3]
[42, 343930, 1502885642, 1]
[42, 343930, 1502885687, 3]
[42, 82908, 1502889798, 1]
[42, 343930, 1502890277, 1]
[42, 221482, 1502890302, 1]
[42, 48429, 1502891226, 1]
[42, 313369, 1502950939, 1]
[42, 16450, 1503039480, 1]
[42, 236511, 1503561006, 1]
[42, 236511, 1503561048, 3]
[51, 478175, 1501293316, 1]
[51, 199270, 1501593496, 1]
[51, 479340, 1501823236, 1]
[51, 117502, 1501907975, 1]
[51, 434809, 1501978878, 1]
[51, 434809, 1501978948, 3]
[51, 100506, 1502169105, 1]
[59, 308612, 1501121629, 1]
[59, 204621, 1501121690, 1]
[59, 196075, 1501291470, 1]
[59, 457334, 1501336076, 1]
[59, 28226, 1501572017, 1]
[59, 37502, 1501572264, 1]
[59, 343522, 1501730344, 1]
[59, 343522, 1501740950, 1]
[59, 352689, 1501740975, 1]
[59, 223201, 1501741125, 1]
[59, 112040, 1501741199, 1]
[59, 241206, 1501764472, 1]
[59, 127628, 1501764548, 1]
[59, 180004, 1501764675, 1]
[59, 77265, 1501764716, 1]
[59, 180004, 1501773576, 1]
[59, 415807, 1501773665, 1]
[59, 254903, 1501836997, 1]
[59, 250322, 1501837016, 1]
[59, 288027, 1501837113, 1]
[59, 301285, 1501905564, 1]
[59, 301285, 1501905608, 1]
[59, 418000, 1501905667, 1]
[59, 350865, 1501923349, 1]
[59, 207636, 1501936433, 1]
[59, 284993, 1501990412, 1]
[59, 122862, 1501990576, 1]
[59, 357043, 1502010178, 1]
[59, 46446, 1502010397, 1]
[59, 202905, 1502010410, 1]
[59, 345685, 1502010544, 1]
[59, 364153, 1502010597, 1]
[59, 204038, 1502013659, 1]
[59, 276450, 1502013696, 1]
[59, 368089, 1502017323, 1]
[59, 411555, 1502017408, 1]
[59, 352060, 1502017480, 1]
[59, 32932, 1502017534, 1]
[59, 277930, 1502018828, 1]
[59, 99421, 1502019161, 1]
[59, 369204, 1502019234, 1]
[59, 130238, 1502021002, 1]
[59, 356505, 1502023857, 1]
[59, 337812, 1502023890, 1]
[59, 200742, 1502023908, 1]
[59, 193328, 1502023933, 1]
[59, 126673, 1502024008, 1]
[59, 257126, 1502024188, 1]
[59, 140628, 1502025794, 1]
[59, 148105, 1502076207, 1]
[59, 255615, 1502076216, 1]
[59, 39999, 1502076243, 1]
[59, 471008, 1502076270, 1]
[59, 205147, 1502093171, 1]
[59, 18034, 1502093183, 1]
[59, 255615, 1502093256, 1]
[59, 148105, 1502093293, 1]
[59, 191090, 1502093483, 1]
[59, 388020, 1502093702, 1]
[59, 102440, 1502094852, 1]
[59, 462055, 1502095435, 1]
[59, 442924, 1502194222, 1]
[59, 154396, 1502194574, 1]
[59, 25579, 1502194737, 1]
[59, 62531, 1502209591, 1]
[59, 317133, 1502209912, 1]
[59, 421945, 1502209967, 1]
[59, 219410, 1502210084, 1]
[59, 423944, 1502210534, 1]
[59, 206957, 1502242691, 1]
[59, 259594, 1502242713, 1]
[59, 129995, 1502242808, 1]
[59, 373208, 1502243322, 1]
[59, 37363, 1502243372, 1]
[59, 408006, 1502243432, 1]
[59, 42715, 1502243441, 1]
[59, 209538, 1502245416, 1]
[59, 48269, 1502245448, 1]
[59, 285827, 1502245595, 1]
[59, 168389, 1502337785, 1]
[59, 76974, 1502354222, 1]
[59, 457509, 1502354301, 1]
[59, 201183, 1502354315, 1]
[59, 358208, 1502357213, 1]
[59, 264663, 1502398113, 1]
[59, 308089, 1502411252, 1]
[59, 462080, 1502422637, 1]
[59, 95306, 1502437811, 1]
[59, 350337, 1502489164, 1]
[59, 191407, 1502489340, 1]
[59, 40462, 1502518178, 1]
[59, 470316, 1502554022, 1]
[59, 281182, 1502554051, 1]
[59, 113637, 1502554098, 1]
[59, 438501, 1502554442, 1]
[59, 352235, 1502555061, 1]
[59, 247203, 1502555085, 1]
[59, 310919, 1502555435, 1]
[59, 352231, 1502555560, 1]
[59, 256638, 1502586629, 1]
[59, 141984, 1502586876, 1]
[59, 204839, 1502586976, 1]
[59, 176161, 1502615922, 1]
[59, 257159, 1502623267, 1]
[59, 437574, 1502623292, 1]
[59, 100369, 1502623325, 1]
[59, 145617, 1502623368, 1]
[59, 133940, 1502623457, 1]
[59, 167207, 1502624084, 1]
[59, 365694, 1502867859, 1]
[59, 174603, 1502868132, 1]
[59, 35228, 1502868156, 1]
[59, 179653, 1502869420, 1]
[59, 105679, 1502872988, 1]
[59, 299222, 1502873083, 1]
[59, 19386, 1502873309, 1]
[59, 173860, 1502873317, 1]
[59, 424115, 1502931732, 1]
[59, 463186, 1502957962, 1]
[59, 190205, 1502963704, 1]
[59, 203031, 1503001234, 1]
[59, 171082, 1503001317, 1]
[59, 16450, 1503032335, 1]
[59, 106700, 1503032468, 1]
[59, 300576, 1503032519, 1]
[59, 366509, 1503033256, 1]
[59, 278925, 1503033325, 1]
[59, 435553, 1503033353, 1]
[59, 255964, 1503060037, 1]
[59, 78085, 1503060807, 1]
[59, 317442, 1503060867, 1]
[59, 255725, 1503098315, 1]
[59, 367513, 1503137319, 1]
[59, 37704, 1503142749, 1]
[59, 46631, 1503143022, 1]
[59, 322324, 1503156315, 1]
[59, 428103, 1503156336, 1]
[59, 103781, 1503156470, 1]
[59, 422943, 1503161127, 1]
[59, 129949, 1503176415, 1]
[59, 367513, 1503177834, 1]
[59, 48784, 1503177959, 1]
[59, 337645, 1503177991, 1]
[59, 35055, 1503178025, 1]
[59, 185620, 1503178229, 1]
[59, 317739, 1503241160, 1]
[59, 49250, 1503278510, 1]
[59, 403554, 1503278528, 1]
[59, 90297, 1503288810, 1]
[59, 301468, 1503293305, 1]
[59, 213273, 1503293325, 1]
[59, 401467, 1503323041, 1]
[59, 254119, 1503464774, 1]
[59, 147292, 1503529625, 1]
[59, 355079, 1503618188, 1]
[59, 67068, 1503618307, 1]
[61, 361136, 1501166566, 1]
[61, 312022, 1501166831, 1]
[61, 260451, 1501166956, 1]
[61, 414210, 1501314301, 1]
[61, 358341, 1501335611, 1]
[61, 358341, 1501335646, 3]
[61, 345361, 1501336079, 1]
[61, 68572, 1501336346, 1]
[61, 29944, 1501336430, 1]
[61, 227730, 1501506049, 1]
[61, 436505, 1501557247, 1]
[61, 166420, 1501564426, 1]
[61, 166420, 1501567257, 1]
[61, 166420, 1501573161, 1]
[61, 21497, 1501573811, 1]
[61, 21497, 1501575779, 1]
[61, 21497, 1501578978, 1]
[61, 347285, 1501732516, 1]
[61, 405036, 1501746488, 1]
[61, 399117, 1501747608, 1]
[61, 217276, 1501753965, 1]
[61, 401220, 1501754187, 1]
[61, 12847, 1501770144, 1]
[61, 207180, 1501770394, 1]
[61, 314102, 1501771836, 1]
[61, 227796, 1501772019, 1]
[61, 234252, 1501811953, 1]
[61, 176478, 1501812130, 1]
[61, 176478, 1501812214, 3]
[61, 200509, 1501812267, 1]
[61, 176478, 1501812643, 3]
[61, 472636, 1501812802, 1]
[61, 94632, 1501812953, 1]
[61, 287798, 1501813000, 1]
[61, 366310, 1501813330, 1]
[61, 97397, 1501813344, 1]
[61, 97397, 1501815693, 1]
[61, 366310, 1501815694, 1]
[61, 97397, 1501819989, 1]
[61, 366310, 1501819990, 1]
[61, 274472, 1501848038, 1]
[61, 449799, 1501848494, 1]
[61, 449799, 1501848824, 3]
[61, 449799, 1501848831, 3]
[61, 176478, 1501852654, 1]
[61, 355642, 1501914519, 1]
[61, 355642, 1501914587, 3]
[61, 202928, 1501924013, 1]
[61, 202928, 1501924018, 3]
[61, 202928, 1501924023, 4]
[61, 395189, 1501937703, 3]
[61, 412597, 1501937856, 1]
[61, 412597, 1501938614, 1]
[61, 384266, 1501939969, 1]
[61, 395189, 1501940032, 1]
[61, 380224, 1501940161, 1]
[61, 395189, 1501940465, 3]
[61, 475955, 1501991269, 1]
[61, 153322, 1501991290, 1]
[61, 154265, 1501991443, 1]
[61, 189247, 1501991935, 1]
[61, 236153, 1502023123, 1]
[61, 461310, 1502023152, 1]
[61, 390329, 1502081305, 1]
[61, 392670, 1502113687, 1]
[61, 272851, 1502114382, 1]
[61, 272851, 1502114571, 1]
[61, 398920, 1502116197, 1]
[61, 151357, 1502116331, 1]
[61, 222036, 1502116705, 1]
[61, 451612, 1502116786, 1]
[61, 451612, 1502116827, 3]
[61, 378675, 1502150236, 1]
[61, 112268, 1502150670, 1]
[61, 112268, 1502150715, 3]
[61, 112268, 1502150716, 3]
[61, 61774, 1502158776, 1]
[61, 61774, 1502158816, 3]
[61, 365046, 1502185490, 1]
[61, 413956, 1502185715, 1]
[61, 473785, 1502185773, 1]
[61, 365046, 1502186603, 1]
[61, 409307, 1502186772, 1]
[61, 204128, 1502186798, 1]
[61, 204128, 1502186885, 3]
[61, 413956, 1502187345, 1]
[61, 236272, 1502187586, 1]
[61, 249362, 1502187826, 1]
[61, 403522, 1502187977, 1]
[61, 409307, 1502188165, 3]
[61, 263811, 1502188455, 1]
[61, 359724, 1502188498, 1]
[61, 37477, 1502188529, 1]
[61, 418818, 1502188710, 1]
[61, 354072, 1502188826, 1]
[61, 365046, 1502190232, 1]
[61, 409307, 1502190274, 1]
[61, 381384, 1502190519, 1]
[61, 372548, 1502190669, 1]
[61, 204128, 1502190709, 1]
[61, 354072, 1502190772, 1]
[61, 354072, 1502190822, 3]
[61, 81922, 1502203861, 1]
[61, 6192, 1502203981, 1]
[61, 243400, 1502204106, 1]
[61, 243913, 1502221452, 1]
[61, 143912, 1502221503, 1]
[61, 96842, 1502221705, 1]
[61, 42705, 1502221720, 1]
[61, 459241, 1502221752, 1]
[61, 346039, 1502221765, 1]
[61, 451612, 1502221825, 1]
[61, 339599, 1502221891, 1]
[61, 291158, 1502221909, 1]
[61, 36483, 1502221916, 1]
[61, 74463, 1502221933, 1]
[61, 285966, 1502221958, 1]
[61, 407441, 1502222231, 1]
[61, 42705, 1502222469, 1]
[61, 42705, 1502222598, 3]
[61, 42705, 1502222607, 4]
[61, 13464, 1502285159, 1]
[61, 97626, 1502340909, 1]
[61, 250624, 1502341328, 1]
[61, 146793, 1502344619, 1]
[61, 455838, 1502344809, 1]
[61, 455838, 1502344824, 3]
[61, 194569, 1502344927, 1]
[61, 194569, 1502344954, 3]
[61, 467600, 1502345200, 1]
[61, 255593, 1502429628, 1]
[61, 257480, 1502430218, 1]
[61, 480465, 1502484201, 1]
[61, 477065, 1502484230, 1]
[61, 480465, 1502484296, 3]
[61, 45156, 1502484680, 1]
[61, 393175, 1502554046, 1]
[61, 209004, 1502554304, 1]
[61, 113900, 1502554343, 1]
[61, 93749, 1502629103, 1]
[61, 93749, 1502629228, 3]
[61, 93749, 1502629230, 3]
[61, 93749, 1502629234, 1]
[61, 93749, 1502629250, 3]
[61, 98567, 1502629634, 1]
[61, 417308, 1502629738, 1]
[61, 125210, 1502630445, 1]
[61, 201585, 1502631813, 1]
[61, 48768, 1502766330, 1]
[61, 326413, 1502857091, 1]
[61, 326413, 1502857690, 3]
[61, 422823, 1502864378, 1]
[61, 49533, 1502864386, 1]
[61, 272853, 1502891421, 1]
[61, 139875, 1502895890, 1]
[61, 263333, 1502896401, 1]
[61, 255913, 1502957239, 1]
[61, 255913, 1502957597, 3]
[61, 255913, 1502957602, 4]
[61, 296015, 1502958057, 1]
[61, 358934, 1502958080, 1]
[61, 293889, 1502980431, 1]
[61, 462207, 1502980450, 1]
[61, 260047, 1502980580, 1]
[61, 91617, 1502980633, 1]
[61, 91617, 1502980693, 3]
[61, 91617, 1502980699, 3]
[61, 92881, 1502980981, 1]
[61, 317402, 1502981906, 1]
[61, 202021, 1502981944, 1]
[61, 408032, 1503051940, 1]
[61, 8885, 1503062685, 1]
[61, 419910, 1503062708, 1]
[61, 78899, 1503064070, 1]
[61, 39243, 1503064078, 1]
[61, 182502, 1503303189, 1]
[61, 414055, 1503319889, 1]
[61, 414055, 1503319924, 3]
[61, 71586, 1503325206, 1]
[61, 234077, 1503325389, 1]
[61, 335498, 1503408952, 1]
[61, 235170, 1503409652, 1]
[61, 440472, 1503410090, 1]
[61, 222209, 1503410096, 1]
[61, 418957, 1503491983, 1]
[61, 418957, 1503492075, 3]
[61, 418957, 1503492089, 3]
[61, 418957, 1503492101, 4]
[61, 418957, 1503492572, 3]
[61, 205737, 1503492897, 1]
[61, 310637, 1503493356, 1]
[61, 213990, 1503493546, 1]
[61, 369616, 1503494163, 1]
[61, 174162, 1503494577, 1]
[61, 231817, 1503494903, 1]
[61, 128096, 1503495178, 1]
[61, 56337, 1503495201, 1]
[67, 9336, 1501555929, 1]
[67, 93771, 1501855935, 1]
[67, 93771, 1501855976, 3]
[67, 254429, 1502543908, 1]
[67, 254429, 1502544002, 3]
[67, 254429, 1502544033, 4]
[67, 254429, 1502544064, 3]
[67, 414880, 1502544170, 1]
[67, 400341, 1502544525, 1]
[67, 254429, 1502854773, 1]
[67, 211332, 1503136663, 1]
[67, 211332, 1503137490, 1]
[67, 211332, 1503138376, 4]
[67, 129432, 1503500123, 1]
[67, 129432, 1503500400, 1]
[67, 211332, 1503583785, 1]
[67, 75502, 1503583927, 1]
[67, 165052, 1503583964, 1]
[67, 257859, 1503585094, 1]
[70, 79200, 1501126019, 1]
[70, 81596, 1501138914, 1]
[70, 168698, 1501138972, 1]
[70, 467939, 1501139030, 1]
[70, 307043, 1501139157, 1]
[70, 88517, 1501153809, 1]
[70, 307043, 1501154127, 1]
[70, 307043, 1501154266, 3]
[70, 307043, 1501154275, 3]
[70, 81596, 1501154554, 1]
[70, 38477, 1501154590, 1]
[70, 408812, 1501154955, 1]
[70, 226512, 1501155018, 1]
[70, 237975, 1501155156, 1]
[70, 77012, 1501156665, 1]
[70, 386779, 1501293986, 1]
[70, 227730, 1501487870, 1]
[70, 76810, 1501487914, 1]
[70, 392233, 1501487939, 1]
[70, 209040, 1501732814, 1]
[70, 202928, 1501732817, 1]
[70, 419900, 1501740285, 1]
[70, 173380, 1501754122, 1]
[70, 394172, 1501754137, 1]
[70, 291566, 1501754181, 1]
[70, 252286, 1501754278, 1]
[70, 385212, 1501758548, 1]
[70, 223846, 1501758615, 1]
[70, 116015, 1501758659, 1]
[70, 331488, 1501758690, 1]
[70, 384855, 1501758754, 1]
[70, 115722, 1501758800, 1]
[70, 418656, 1501854061, 1]
[70, 335969, 1501895042, 1]
[70, 396430, 1501895057, 1]
[70, 29360, 1501897129, 1]
[70, 396430, 1501897199, 3]
[70, 396430, 1501908637, 1]
[70, 396430, 1501908839, 3]
[70, 33358, 1501908901, 1]
[70, 396430, 1501909178, 3]
[70, 436646, 1501909330, 1]
[70, 383172, 1501909406, 1]
[70, 383172, 1501909466, 3]
[70, 383172, 1501909500, 3]
[70, 456145, 1501909504, 1]
[70, 396430, 1501909667, 1]
[70, 282297, 1501909853, 1]
[70, 226756, 1501910130, 1]
[70, 335969, 1501910137, 1]
[70, 454593, 1501910690, 1]
[70, 436619, 1501910806, 1]
[70, 282297, 1501911111, 3]
[70, 108979, 1501911825, 1]
[70, 75956, 1501911917, 1]
[70, 282297, 1501916852, 1]
[70, 393989, 1501920822, 1]
[70, 433236, 1501989430, 1]
[70, 271921, 1501989560, 1]
[70, 335780, 1501990050, 1]
[70, 181552, 1501999614, 1]
[70, 335780, 1501999810, 1]
[70, 206704, 1501999852, 1]
[70, 370527, 1502000054, 1]
[70, 206704, 1502000081, 3]
[70, 184423, 1502000870, 1]
[70, 185503, 1502000877, 1]
[70, 151249, 1502001613, 1]
[70, 312532, 1502002124, 1]
[70, 206704, 1502008075, 1]
[70, 277507, 1502024042, 1]
[70, 238260, 1502024051, 1]
[70, 453831, 1502024068, 1]
[70, 8500, 1502024101, 1]
[70, 423261, 1502024292, 1]
[70, 88057, 1502027360, 1]
[70, 189207, 1502027463, 1]
[70, 416904, 1502027480, 1]
[70, 288753, 1502027922, 1]
[70, 311813, 1502085887, 1]
[70, 172783, 1502085893, 1]
[70, 172783, 1502085963, 3]
[70, 142637, 1502086019, 1]
[70, 411457, 1502086025, 1]
[70, 187632, 1502086042, 1]
[70, 469208, 1502086080, 1]
[70, 454810, 1502086132, 1]
[70, 454810, 1502086187, 3]
[70, 478219, 1502086206, 1]
[70, 237477, 1502086260, 1]
[70, 209517, 1502095193, 1]
[70, 110827, 1502095605, 1]
[70, 173217, 1502096850, 1]
[70, 227730, 1502096960, 1]
[70, 334075, 1502097007, 1]
[70, 204027, 1502099469, 1]
[70, 339153, 1502099570, 1]
[70, 227730, 1502100181, 1]
[70, 263683, 1502100444, 1]
[70, 36802, 1502100469, 1]
[70, 99346, 1502100533, 1]
[70, 408812, 1502100556, 1]
[70, 251785, 1502100681, 1]
[70, 186201, 1502101666, 1]
[70, 307372, 1502101878, 1]
[70, 355453, 1502102047, 1]
[70, 39065, 1502102093, 1]
[70, 442459, 1502103138, 1]
[70, 130331, 1502104266, 1]
[70, 153154, 1502104472, 1]
[70, 140484, 1502104595, 1]
[70, 20249, 1502104740, 1]
[70, 173217, 1502106922, 1]
[70, 6185, 1502113066, 1]
[70, 282741, 1502113475, 1]
[70, 20249, 1502113486, 1]
[70, 408812, 1502113493, 1]
[70, 143791, 1502113751, 1]
[70, 357004, 1502113785, 1]
[70, 31337, 1502113888, 1]
[70, 398889, 1502114116, 1]
[70, 325240, 1502114156, 1]
[70, 95027, 1502114239, 1]
[70, 478492, 1502114358, 1]
[70, 295302, 1502114377, 1]
[70, 295302, 1502114493, 1]
[70, 29944, 1502199446, 1]
[70, 29944, 1502199741, 3]
[70, 29944, 1502199768, 3]
[70, 29944, 1502199860, 3]
[70, 458439, 1502199890, 1]
[70, 85126, 1502199895, 1]
[70, 29944, 1502200791, 4]
[70, 29944, 1502200791, 4]
[70, 272600, 1502266561, 1]
[70, 277019, 1502266671, 1]
[70, 99346, 1502266681, 1]
[70, 407912, 1502266727, 1]
[70, 164384, 1502266817, 1]
[70, 383227, 1502267538, 1]
[70, 396244, 1502267591, 1]
[70, 270072, 1502267687, 1]
[70, 224152, 1502267888, 1]
[70, 420255, 1502267981, 1]
[70, 207746, 1502268022, 1]
[70, 298436, 1502268277, 1]
[70, 44766, 1502268481, 1]
[70, 362844, 1502268574, 1]
[70, 401353, 1502268582, 1]
[70, 264284, 1502268683, 1]
[70, 102507, 1502268726, 1]
[70, 416063, 1502268854, 1]
[70, 224954, 1502332415, 1]
[70, 367434, 1502334410, 1]
[70, 367434, 1502334415, 3]
[70, 367434, 1502351535, 1]
[70, 426154, 1502353050, 1]
[70, 2487, 1502353057, 1]
[70, 210764, 1502353204, 1]
[70, 210764, 1502353474, 3]
[70, 210764, 1502353509, 3]
[70, 210764, 1502353516, 3]
[70, 181368, 1502353531, 1]
[70, 209866, 1502354347, 1]
[70, 249409, 1502354768, 1]
[70, 363276, 1502355950, 1]
[70, 210764, 1502371915, 1]
[70, 147477, 1502372118, 1]
[70, 254982, 1502372204, 1]
[70, 210764, 1502372366, 3]
[70, 210764, 1502372383, 3]
[70, 210764, 1502372503, 3]
[70, 210764, 1502372509, 3]
[70, 163494, 1502417808, 1]
[70, 163494, 1502417813, 3]
[70, 163494, 1502423062, 1]
[70, 414375, 1502423091, 1]
[70, 378173, 1502423154, 1]
[70, 451475, 1502423315, 1]
[70, 204038, 1502423737, 1]
[70, 109299, 1502423785, 1]
[70, 379012, 1502437699, 1]
[70, 86534, 1502437716, 1]
[70, 69038, 1502437885, 1]
[70, 69038, 1502437985, 3]
[70, 86534, 1502438113, 3]
[70, 86534, 1502438119, 3]
[70, 477736, 1502438173, 1]
[70, 388142, 1502438310, 1]
[70, 433529, 1502438381, 1]
[70, 69038, 1502438442, 1]
[70, 388142, 1502438621, 1]
[70, 388142, 1502439154, 3]
[70, 388142, 1502439224, 3]
[70, 379012, 1502440252, 1]
[70, 259362, 1502440482, 1]
[70, 379012, 1502445556, 1]
[70, 379012, 1502445699, 1]
[70, 388142, 1502445903, 1]
[70, 301679, 1502461329, 1]
[70, 301679, 1502461334, 3]
[70, 55675, 1502462845, 1]
[70, 329209, 1502462946, 1]
[70, 199402, 1502462975, 1]
[70, 386947, 1502463550, 1]
[70, 325227, 1502463900, 1]
[70, 55675, 1502463929, 1]
[70, 108626, 1502464172, 1]
[70, 41287, 1502464187, 1]
[70, 54440, 1502464243, 1]
[70, 4764, 1502467440, 1]
[70, 69669, 1502500931, 1]
[70, 56109, 1502501060, 1]
[70, 303771, 1502501288, 1]
[70, 173225, 1502501393, 1]
[70, 173225, 1502501477, 3]
[70, 210764, 1502501492, 1]
[70, 169984, 1502501584, 1]
[70, 425554, 1502501671, 1]
[70, 447647, 1502517657, 1]
[70, 394587, 1502541516, 1]
[70, 26220, 1502541552, 1]
[70, 224987, 1502542139, 1]
[70, 289614, 1502544449, 1]
[70, 475955, 1502544454, 1]
[70, 258766, 1502551391, 1]
[70, 101389, 1502551457, 1]
[70, 187260, 1502551690, 1]
[70, 389736, 1502551737, 1]
[70, 258766, 1502551751, 3]
[70, 10433, 1502551798, 1]
[70, 342024, 1502552157, 1]
[70, 131570, 1502552580, 1]
[70, 422481, 1502594265, 1]
[70, 479829, 1502594670, 1]
[70, 54778, 1502603883, 1]
[70, 422481, 1502603953, 1]
[70, 344054, 1502604146, 1]
[70, 435065, 1502604180, 1]
[70, 144148, 1502604217, 1]
[70, 105713, 1502604235, 1]
[70, 422481, 1502604478, 1]
[70, 110133, 1502633694, 1]
[70, 121999, 1502633739, 1]
[70, 385374, 1502633860, 1]
[70, 244129, 1502633926, 1]
[70, 110388, 1502634869, 1]
[70, 249318, 1502637371, 1]
[70, 216142, 1502638312, 1]
[70, 111699, 1502701393, 1]
[70, 23118, 1502712282, 1]
[70, 378973, 1502712323, 1]
[70, 389184, 1502712364, 1]
[70, 137477, 1502712446, 1]
[70, 389160, 1502752202, 1]
[70, 334167, 1502752551, 1]
[70, 218593, 1502755328, 1]
[70, 281193, 1502755366, 1]
[70, 281875, 1502755377, 1]
[70, 443356, 1502755868, 1]
[70, 183974, 1502758881, 1]
[70, 218593, 1502759020, 1]
[70, 379012, 1502759097, 1]
[70, 389160, 1502759176, 1]
[70, 334167, 1502759210, 1]
[70, 172487, 1502759498, 1]
[70, 57086, 1502759602, 1]
[70, 340327, 1502759627, 1]
[70, 172487, 1502759647, 3]
[70, 186954, 1502760113, 1]
[70, 73546, 1502776790, 1]
[70, 389160, 1502776865, 1]
[70, 379012, 1502777571, 1]
[70, 183974, 1502777601, 1]
[70, 6509, 1502788690, 1]
[70, 444203, 1502835452, 1]
[70, 67097, 1502836606, 1]
[70, 218469, 1502836883, 1]
[70, 230311, 1502837746, 1]
[70, 444203, 1502843534, 1]
[70, 380223, 1502843627, 1]
[70, 380223, 1502848674, 1]
[70, 380223, 1502848680, 3]
[70, 380223, 1502848684, 3]
[70, 1704, 1502849293, 1]
[70, 281557, 1502849679, 1]
[70, 405930, 1502850652, 1]
[70, 411352, 1502850717, 1]
[70, 217659, 1502850891, 1]
[70, 181030, 1502850907, 1]
[70, 337967, 1502851102, 1]
[70, 156915, 1502851376, 1]
[70, 213060, 1502851392, 1]
[70, 10198, 1502851757, 1]
[70, 396778, 1502851908, 1]
[70, 235632, 1502851980, 1]
[70, 235632, 1502852017, 3]
[70, 22251, 1502852303, 1]
[70, 393552, 1502852386, 1]
[70, 393552, 1502852400, 1]
[70, 242418, 1502852564, 1]
[70, 377255, 1502852685, 1]
[70, 65025, 1502852729, 1]
[70, 129204, 1502852744, 1]
[70, 124823, 1502852794, 1]
[70, 404894, 1502852817, 1]
[70, 456150, 1502852958, 1]
[70, 240801, 1502853004, 1]
[70, 68894, 1502853184, 1]
[70, 119021, 1502853674, 1]
[70, 209753, 1502853980, 1]
[70, 276141, 1502854255, 1]
[70, 326413, 1502855285, 1]
[70, 440207, 1502855607, 1]
[70, 97632, 1502855625, 1]
[70, 65601, 1502856458, 1]
[70, 184641, 1502856499, 1]
[70, 120318, 1502856657, 1]
[70, 276141, 1502856775, 1]
[70, 401524, 1502857157, 1]
[70, 456068, 1502857175, 1]
[70, 232934, 1502857372, 1]
[70, 448522, 1502857377, 1]
[70, 422481, 1502857463, 1]
[70, 69669, 1502857548, 1]
[70, 416505, 1502857605, 1]
[70, 284140, 1502858321, 1]
[70, 62894, 1502858393, 1]
[70, 62894, 1502858424, 3]
[70, 278168, 1502858429, 1]
[70, 278168, 1502858471, 3]
[70, 3654, 1502863871, 1]
[70, 135446, 1502863969, 1]
[70, 204604, 1502866597, 1]
[70, 28636, 1502866625, 1]
[70, 362116, 1502866696, 1]
[70, 108354, 1502867440, 1]
[70, 420073, 1502867535, 1]
[70, 429393, 1502871016, 1]
[70, 416505, 1502893304, 1]
[70, 422295, 1502927890, 1]
[70, 313442, 1502932486, 1]
[70, 74729, 1502932796, 1]
[70, 379691, 1502937755, 1]
[70, 437118, 1502937843, 1]
[70, 164795, 1502938197, 1]
[70, 379691, 1502938203, 3]
[70, 379691, 1502938243, 3]
[70, 379691, 1502938284, 3]
[70, 379691, 1502939430, 1]
[70, 273446, 1502939941, 1]
[70, 379691, 1502941264, 3]
[70, 379691, 1502941268, 3]
[70, 258766, 1502941457, 1]
[70, 422481, 1502941564, 1]
[70, 422481, 1502941696, 3]
[70, 379691, 1502941751, 4]
[70, 379691, 1502941751, 4]
[70, 422481, 1502941751, 4]
[70, 216177, 1502942075, 1]
[70, 275541, 1502942688, 1]
[70, 273446, 1502942930, 1]
[70, 422481, 1502942970, 1]
[70, 480900, 1502943128, 1]
[70, 99157, 1502945006, 1]
[70, 315146, 1502945013, 1]
[70, 397193, 1502945094, 1]
[70, 387730, 1502945105, 1]
[70, 70511, 1502945109, 1]
[70, 197285, 1502952621, 1]
[70, 143528, 1502952961, 1]
[70, 46903, 1502953091, 1]
[70, 233270, 1502953302, 1]
[70, 46903, 1502953707, 1]
[70, 205149, 1502954410, 1]
[70, 379691, 1502956688, 1]
[70, 19957, 1502956698, 1]
[70, 261664, 1502972652, 1]
[70, 390133, 1502972924, 1]
[70, 226446, 1502972999, 1]
[70, 32284, 1502973160, 1]
[70, 478267, 1502973167, 1]
[70, 312150, 1502973229, 1]
[70, 197823, 1502973250, 1]
[70, 406486, 1502973295, 1]
[70, 406486, 1502973341, 3]
[70, 265988, 1502973351, 1]
[70, 237746, 1502973714, 1]
[70, 438262, 1502973844, 1]
[70, 231549, 1502974085, 1]
[70, 227460, 1502974523, 1]
[70, 198774, 1502974852, 1]
[70, 227460, 1502974885, 1]
[70, 406486, 1502974900, 1]
[70, 273446, 1502975007, 1]
[70, 124778, 1502975024, 1]
[70, 271583, 1503018148, 1]
[70, 432922, 1503018561, 1]
[70, 105, 1503018836, 1]
[70, 105, 1503018849, 3]
[70, 381216, 1503036931, 1]
[70, 271583, 1503036965, 1]
[70, 110234, 1503036980, 1]
[70, 178246, 1503037979, 1]
[70, 475536, 1503046125, 1]
[70, 458024, 1503051762, 1]
[70, 319298, 1503051822, 1]
[70, 272483, 1503051841, 1]
[70, 477747, 1503052208, 1]
[70, 651, 1503052210, 1]
[70, 441041, 1503052470, 1]
[70, 285089, 1503052562, 1]
[70, 46427, 1503052588, 1]
[70, 372302, 1503052838, 1]
[70, 372302, 1503052846, 3]
[70, 482425, 1503053002, 1]
[70, 482425, 1503053041, 3]
[70, 100378, 1503064887, 1]
[70, 48512, 1503135671, 1]
[70, 458789, 1503136028, 1]
[70, 294491, 1503136131, 1]
[70, 124453, 1503136315, 1]
[70, 459749, 1503136732, 1]
[70, 124453, 1503196219, 1]
[70, 202928, 1503214399, 1]
[70, 422943, 1503214677, 1]
[70, 317425, 1503214796, 1]
[70, 266408, 1503220434, 1]
[70, 290402, 1503220441, 1]
[70, 275541, 1503228124, 1]
[70, 397738, 1503228953, 1]
[70, 482182, 1503228986, 1]
[70, 153768, 1503229079, 1]
[70, 319197, 1503229158, 1]
[70, 17930, 1503229260, 1]
[70, 110133, 1503229453, 1]
[70, 215944, 1503273093, 1]
[70, 9245, 1503324129, 1]
[70, 100011, 1503327276, 1]
[70, 362295, 1503367803, 1]
[70, 328288, 1503367847, 1]
[70, 381212, 1503368018, 1]
[70, 302929, 1503381320, 1]
[70, 111682, 1503451789, 1]
[70, 311952, 1503461831, 1]
[70, 126748, 1503461900, 1]
[70, 328608, 1503462383, 1]
[70, 89914, 1503490637, 1]
[70, 12232, 1503505202, 1]
[70, 26804, 1503505616, 1]
[70, 58693, 1503550363, 1]
[70, 157569, 1503551316, 1]
[70, 318635, 1503622887, 1]
[70, 69188, 1503623003, 1]
[70, 325249, 1503623047, 1]
[70, 268095, 1503626642, 1]
[70, 249318, 1503626760, 1]
[70, 416869, 1503626832, 1]
[70, 5234, 1503636614, 1]
[70, 69188, 1503636669, 1]
[70, 272483, 1503636688, 1]
[70, 272483, 1503636705, 3]
[70, 370816, 1503636777, 1]
[70, 259616, 1503639415, 1]
[70, 464571, 1503639423, 1]
[70, 415075, 1503639625, 1]
[70, 261780, 1503643342, 1]
[70, 452103, 1503643375, 1]
[73, 41071, 1501334883, 1]
[73, 471911, 1501334988, 1]
[73, 218356, 1501895545, 1]
[73, 411230, 1501896339, 1]
[73, 371417, 1501943076, 1]
[73, 424850, 1501943148, 1]
[73, 424850, 1501943177, 3]
[73, 415566, 1501943197, 1]
[73, 38690, 1502083911, 1]
[73, 48982, 1502181649, 1]
[73, 264781, 1502216049, 1]
[73, 298420, 1502752872, 1]
[73, 101711, 1502806869, 1]
[73, 479564, 1502967535, 1]
[73, 479564, 1502967574, 3]
[73, 261935, 1502967849, 1]
[73, 375324, 1502969057, 1]
[73, 130152, 1502971723, 1]
[73, 130152, 1502971762, 3]
[73, 298850, 1503033911, 1]
[73, 298850, 1503033932, 3]
[73, 284970, 1503034290, 1]
[73, 284970, 1503034294, 3]
[73, 284970, 1503047740, 4]
[73, 131190, 1503238160, 1]
[73, 131190, 1503238182, 3]
[73, 298850, 1503238446, 3]
[73, 140170, 1503270161, 1]
[73, 153862, 1503270178, 1]
[73, 27175, 1503270870, 1]
[73, 20393, 1503271071, 3]
[73, 78148, 1503272323, 1]
[73, 78148, 1503272373, 3]
[73, 29762, 1503291498, 1]
[73, 29762, 1503291512, 3]
[73, 483101, 1503291741, 1]
[73, 483101, 1503291753, 3]
[73, 78148, 1503293079, 4]
[73, 29762, 1503293079, 4]
[73, 140170, 1503298309, 3]
[73, 100285, 1503439105, 1]
[73, 100285, 1503439118, 3]
[73, 206917, 1503439306, 1]
[73, 44016, 1503490698, 1]
[73, 44016, 1503490785, 3]
[73, 451944, 1503490863, 1]
[73, 72228, 1503578224, 1]
[73, 225838, 1503578574, 1]
[83, 424676, 1501511699, 1]
[83, 100371, 1501511879, 1]
[83, 365689, 1501512034, 1]
[83, 474970, 1501512038, 1]
[83, 45908, 1501512108, 1]
[83, 76056, 1501722695, 1]
[83, 86110, 1501722705, 1]
[83, 354571, 1501848630, 1]
[83, 478816, 1501848869, 1]
[83, 154767, 1501848896, 1]
[83, 370462, 1501889795, 1]
[83, 81812, 1501890635, 1]
[83, 75203, 1501890693, 1]
[83, 140685, 1501891021, 1]
[83, 378460, 1501947683, 1]
[83, 466500, 1502005431, 1]
[83, 42179, 1502115255, 1]
[83, 352349, 1502174773, 1]
[83, 103162, 1502251145, 1]
[83, 461173, 1502284011, 1]
[83, 180126, 1502284285, 1]
[83, 294493, 1502284570, 1]
[83, 378460, 1502285270, 1]
[83, 257696, 1502714213, 1]
[83, 372610, 1502949650, 1]
[83, 129863, 1503119003, 1]
[83, 432067, 1503280014, 1]
[83, 209782, 1503280173, 1]
[83, 82959, 1503280250, 1]
[83, 66212, 1503635852, 1]
[91, 90534, 1501302845, 1]
[91, 223301, 1501303616, 1]
[91, 7764, 1501457786, 1]
[91, 7764, 1501465904, 1]
[91, 216387, 1501548154, 1]
[91, 126219, 1501548173, 1]
[91, 126219, 1501557358, 1]
[91, 126219, 1501557437, 3]
[91, 156049, 1501558957, 1]
[91, 366915, 1501559020, 1]
[91, 209911, 1501559154, 1]
[91, 88378, 1501559569, 1]
[91, 151848, 1501562942, 1]
[91, 151848, 1501562949, 3]
[91, 181977, 1501563190, 1]
[91, 138166, 1501563337, 1]
[91, 278521, 1501563590, 1]
[91, 278521, 1501563605, 1]
[91, 379709, 1501564163, 1]
[91, 333970, 1501928422, 1]
[91, 108437, 1501979353, 1]
[91, 458716, 1502108905, 1]
[91, 55403, 1502109119, 1]
[91, 245216, 1502171833, 1]
[91, 147609, 1502252672, 1]
[91, 338312, 1502374138, 1]
[91, 137988, 1502684595, 1]
[91, 26162, 1502684666, 1]
[91, 134378, 1502684760, 1]
[91, 136035, 1502684890, 1]
[91, 462820, 1502685001, 1]
[91, 130722, 1502685320, 1]
[91, 289936, 1502807331, 1]
[91, 258004, 1502807622, 1]
[91, 457681, 1502807816, 1]
[91, 106700, 1502849426, 1]
[91, 285550, 1502849567, 1]
[91, 187619, 1502933200, 1]
[91, 258004, 1502933394, 1]
[91, 88968, 1503023064, 1]
[91, 217092, 1503120729, 1]
[91, 528, 1503195180, 1]
[91, 528, 1503195284, 3]
[91, 124198, 1503202613, 1]
[91, 55778, 1503315591, 1]
[91, 55778, 1503315601, 3]
[91, 55778, 1503315608, 3]
[91, 361106, 1503467527, 1]
[91, 14496, 1503467659, 1]
[91, 369584, 1503485842, 1]
[91, 55546, 1503486314, 1]
[91, 55546, 1503486378, 3]
[91, 55546, 1503486501, 3]
[91, 55546, 1503486507, 3]
[91, 55546, 1503486518, 4]
[91, 265638, 1503486792, 1]
[91, 303907, 1503490380, 1]
[91, 25658, 1503540567, 1]
[91, 230330, 1503636101, 1]
[104, 408456, 1501906025, 1]
[104, 334142, 1501906971, 1]
[104, 300902, 1501915808, 1]
[104, 225118, 1501916182, 1]
[104, 58999, 1501916210, 1]
[104, 337285, 1501916485, 1]
[104, 284970, 1501917945, 1]
[104, 385148, 1501918442, 1]
[104, 194632, 1502208393, 1]
[104, 124143, 1502208632, 1]
[104, 61364, 1502208721, 1]
[104, 61364, 1502208841, 3]
[104, 147237, 1502294903, 1]
[104, 128651, 1502558132, 1]
[104, 70014, 1502558491, 1]
[104, 144125, 1502559154, 1]
[104, 123627, 1502559217, 1]
[104, 191741, 1502559244, 1]
[104, 363954, 1502559487, 1]
[104, 118042, 1502559863, 1]
[104, 293076, 1502985899, 1]
[104, 473214, 1503070030, 1]
[104, 329538, 1503070193, 1]
[104, 419605, 1503121766, 1]
[104, 289738, 1503121779, 1]
[104, 35352, 1503122143, 1]
[104, 465031, 1503122306, 1]
[104, 158864, 1503122496, 1]
[104, 175163, 1503122669, 1]
[104, 401795, 1503122722, 1]
[104, 422532, 1503122739, 1]
[104, 68572, 1503123495, 1]
[104, 172332, 1503146613, 1]
[104, 210977, 1503200636, 1]
[104, 275541, 1503242241, 1]
[104, 226257, 1503242348, 1]
[104, 333851, 1503242475, 1]
[104, 426159, 1503242551, 1]
[104, 348912, 1503242628, 1]
[104, 377255, 1503246471, 1]
[104, 269957, 1503414684, 1]
[104, 271992, 1503414831, 1]
[104, 205149, 1503415106, 1]
[104, 370390, 1503415357, 1]
[104, 260548, 1503415437, 1]
[104, 128327, 1503416822, 1]
[104, 102083, 1503416885, 1]
[104, 460218, 1503417066, 1]
[104, 345390, 1503452761, 1]
[104, 356340, 1503458922, 1]
[104, 236104, 1503504213, 1]
[104, 288786, 1503504263, 1]
[104, 174643, 1503504290, 1]
[104, 449413, 1503504726, 1]
[104, 334477, 1503504733, 1]
[104, 397826, 1503506169, 1]
[104, 408420, 1503506222, 1]
[104, 264390, 1503632789, 1]
[104, 30256, 1503638791, 1]
[104, 29860, 1503639042, 1]
[104, 6916, 1503670790, 1]
[104, 1789, 1503670813, 1]
[104, 57173, 1503670901, 1]
[104, 165730, 1503670945, 1]
[104, 412734, 1503671141, 1]
[104, 282600, 1503671262, 1]
[104, 219378, 1503671768, 1]
[105, 456738, 1501301375, 1]
[105, 477550, 1501572483, 1]
[105, 474574, 1501720048, 1]
[105, 282879, 1501763689, 1]
[105, 287730, 1501768491, 1]
[105, 333151, 1501809873, 1]
[105, 333151, 1501814483, 1]
[105, 255913, 1501816475, 1]
[105, 124620, 1501817237, 1]
[105, 333151, 1501817322, 1]
[105, 333151, 1501825506, 1]
[105, 476065, 1501922132, 1]
[105, 151579, 1501981061, 1]
[105, 310668, 1501981242, 1]
[105, 473822, 1501981298, 1]
[105, 151579, 1501981349, 1]
[105, 151579, 1501981361, 4]
[105, 18397, 1502148678, 1]
[105, 459800, 1502934809, 1]
[105, 363262, 1503227467, 1]
[105, 273504, 1503272055, 1]
[105, 332893, 1503385902, 1]
[105, 332893, 1503385922, 3]
[105, 223968, 1503442940, 1]
[105, 303747, 1503443005, 1]
[105, 273504, 1503443033, 1]
[105, 147510, 1503443108, 1]
[105, 450259, 1503489179, 1]
[105, 273504, 1503491260, 1]
[105, 273504, 1503491313, 3]
[105, 273504, 1503491340, 3]
[105, 107851, 1503544137, 1]
[105, 376635, 1503576050, 1]
[105, 215437, 1503576140, 1]
[105, 257783, 1503576261, 1]
[105, 376635, 1503576274, 3]
[105, 436242, 1503615093, 1]
[105, 269438, 1503634130, 1]
[105, 321521, 1503634308, 1]
[105, 103653, 1503634505, 1]
[105, 61526, 1503634572, 1]
[107, 415098, 1501466544, 1]
[107, 38489, 1501505235, 1]
[107, 92313, 1501505360, 1]
[107, 221112, 1501803810, 1]
[107, 316930, 1501976705, 1]
[107, 204038, 1501977081, 1]
[107, 238630, 1501977267, 1]
[107, 201966, 1501977295, 1]
[107, 84391, 1501977368, 1]
[107, 461, 1501977462, 1]
[107, 24074, 1501977599, 1]
[107, 461, 1501977603, 1]
[107, 372270, 1502087347, 1]
[107, 149217, 1502109216, 1]
[107, 408789, 1502184054, 1]
[107, 373843, 1502548616, 1]
[107, 444648, 1502548834, 1]
[107, 259955, 1502690020, 1]
[107, 262166, 1502791394, 1]
[107, 194433, 1502944539, 1]
[107, 259955, 1503057367, 1]
[107, 147364, 1503400726, 1]
[107, 380589, 1503400974, 1]
[107, 306311, 1503401029, 1]
[107, 335931, 1503401500, 1]
[107, 479646, 1503527306, 1]
[107, 356477, 1503527525, 1]
[113, 323906, 1501163399, 1]
[113, 250736, 1501287408, 1]
[113, 118307, 1501287518, 1]
[113, 389075, 1501287964, 1]
[113, 437664, 1501287980, 1]
[113, 437664, 1501288004, 3]
[113, 437664, 1501288007, 3]
[113, 437664, 1501288010, 3]
[113, 437664, 1501288013, 3]
[113, 437664, 1501340401, 1]
[113, 269863, 1501340432, 1]
[113, 162340, 1501340439, 1]
[113, 139365, 1501342195, 1]
[113, 332893, 1501342558, 1]
[113, 68495, 1501343027, 1]
[113, 168732, 1501466496, 1]
[113, 24441, 1501740127, 1]
[113, 24441, 1501740128, 3]
[113, 273363, 1501805120, 1]
[113, 202594, 1501805137, 1]
[113, 338493, 1502066185, 1]
[113, 306523, 1502412060, 1]
[113, 165859, 1502797120, 1]
[113, 325262, 1502797176, 1]
[113, 121893, 1502811458, 1]
[113, 121893, 1502811573, 3]
[113, 121893, 1502811579, 3]
[113, 175163, 1502811654, 1]
[113, 175163, 1502811685, 3]
[113, 313766, 1502843277, 1]
[113, 393366, 1503012156, 1]
[113, 345855, 1503047841, 1]
[113, 98463, 1503071265, 1]
[113, 413044, 1503071677, 1]
[113, 240478, 1503214308, 1]
[113, 277193, 1503623255, 1]
[113, 74106, 1503627028, 1]
[113, 312547, 1503627059, 1]
[113, 312547, 1503627061, 3]
[113, 121893, 1503649116, 1]
[113, 388494, 1503649167, 1]
[113, 61403, 1503649234, 1]
[116, 131103, 1501559074, 1]
[116, 131103, 1501559158, 3]
[116, 119168, 1501559376, 1]
[116, 119168, 1501559436, 3]
[116, 8454, 1501559482, 1]
[116, 476622, 1501559537, 1]
[116, 365140, 1501559672, 1]
[116, 365140, 1501559756, 3]
[116, 225292, 1501559771, 1]
[116, 225292, 1501559940, 3]
[116, 504, 1501587949, 1]
[116, 337714, 1501817682, 1]
[116, 385095, 1501817712, 1]
[116, 361217, 1502246076, 1]
[116, 349897, 1502246892, 1]
[116, 465597, 1502246911, 1]
[116, 41515, 1502247144, 1]
[116, 41515, 1502247620, 1]
[116, 141799, 1502247674, 1]
[116, 14878, 1502248738, 1]
[116, 466929, 1502693578, 1]
[116, 145732, 1502701050, 1]
[116, 10435, 1502718961, 1]
[116, 338879, 1502719044, 1]
[116, 426320, 1502812103, 1]
[116, 180203, 1502930866, 1]
[116, 180203, 1502930889, 3]
[116, 262205, 1502931087, 1]
[116, 103402, 1503206724, 1]
[116, 447242, 1503477946, 1]
[116, 393390, 1503547330, 1]
[116, 280611, 1503547356, 1]
[116, 70186, 1503547370, 1]
[116, 17148, 1503548122, 1]
[116, 323133, 1503585154, 1]
[116, 474385, 1503669501, 1]
[116, 320021, 1503669573, 1]
[117, 197255, 1501164927, 1]
[117, 149913, 1501165134, 1]
[117, 333143, 1501280329, 1]
[117, 333143, 1501280333, 3]
[117, 312943, 1501297023, 1]
[117, 410074, 1501297158, 1]
[117, 98593, 1501297258, 1]
[117, 410074, 1501297276, 1]
[117, 144400, 1501304168, 1]
[117, 144400, 1501304184, 3]
[117, 207747, 1501479630, 1]
[117, 207747, 1501479650, 3]
[117, 467295, 1501480281, 1]
[117, 121104, 1501539542, 1]
[117, 93383, 1501539654, 1]
[117, 93383, 1501539726, 3]
[117, 381630, 1501539855, 1]
[117, 195072, 1501578943, 1]
[117, 152108, 1501579037, 1]
[117, 152108, 1501579110, 3]
[117, 92544, 1501713681, 1]
[117, 152108, 1501713766, 1]
[117, 195072, 1501713779, 1]
[117, 330859, 1501837118, 1]
[117, 410381, 1501837259, 1]
[117, 410381, 1501837366, 3]
[117, 162340, 1501837415, 1]
[117, 11042, 1501912085, 1]
[117, 371446, 1501912234, 1]
[117, 88308, 1502000369, 1]
[117, 88308, 1502000385, 3]
[117, 152108, 1502057330, 1]
[117, 471723, 1502145348, 1]
[117, 372740, 1502166303, 1]
[117, 175706, 1502170309, 1]
[117, 279464, 1502170428, 1]
[117, 394600, 1502170567, 1]
[117, 125897, 1502277406, 1]
[117, 125897, 1502277551, 3]
[117, 324046, 1502277760, 1]
[117, 260012, 1502281542, 1]
[117, 163944, 1502281919, 1]
[117, 181186, 1502282577, 1]
[117, 176362, 1502282657, 1]
[117, 129751, 1502284241, 1]
[117, 16832, 1502317052, 1]
[117, 212687, 1502317633, 1]
[117, 252196, 1502318958, 1]
[117, 255494, 1502363891, 1]
[117, 236962, 1502364061, 1]
[117, 306062, 1502509887, 1]
[117, 289371, 1502514452, 1]
[117, 289371, 1502514536, 3]
[117, 149913, 1502514922, 1]
[117, 477845, 1502515207, 1]
[117, 258867, 1502580083, 1]
[117, 282590, 1502630174, 1]
[117, 452488, 1502672633, 1]
[117, 57966, 1502808421, 1]
[117, 121520, 1502808559, 1]
[117, 426632, 1502835689, 1]
[117, 363877, 1502844535, 1]
[117, 363877, 1502844550, 3]
[117, 363877, 1502844563, 4]
[117, 20367, 1503014458, 1]
[117, 20367, 1503014464, 3]
[117, 214362, 1503232932, 1]
[117, 372573, 1503233007, 1]
[117, 372573, 1503233068, 4]
[117, 48512, 1503233544, 1]
[117, 330326, 1503266105, 1]
[117, 330326, 1503266124, 3]
[117, 457179, 1503266351, 1]
[117, 395041, 1503266442, 1]
[117, 395041, 1503266451, 3]
[117, 228899, 1503266470, 1]
[117, 228899, 1503266477, 3]
[117, 238498, 1503267489, 1]
[117, 195268, 1503375275, 1]
[117, 393612, 1503536830, 1]
[117, 280990, 1503544197, 1]
[117, 280990, 1503544201, 3]
[117, 383517, 1503544524, 1]
[117, 383517, 1503544633, 3]
[117, 268965, 1503544753, 1]
[117, 257047, 1503581679, 1]
[117, 330971, 1503582253, 1]
[117, 324639, 1503669758, 1]
[121, 207972, 1501104346, 1]
[121, 46404, 1501104352, 1]
[121, 325282, 1501111102, 1]
[121, 88162, 1501716079, 1]
[121, 421780, 1501716215, 1]
[121, 146176, 1501890324, 1]
[121, 337338, 1501890506, 1]
[121, 254333, 1501890593, 1]
[121, 34355, 1501890925, 1]
[121, 185225, 1501899735, 1]
[121, 185225, 1501899827, 3]
[121, 185225, 1501899838, 3]
[121, 185225, 1501899842, 4]
[121, 124530, 1501974362, 1]
[121, 317635, 1501974832, 1]
[121, 289769, 1501975078, 1]
[121, 41829, 1501983860, 1]
[121, 370580, 1502031384, 1]
[121, 231989, 1502031638, 1]
[121, 178771, 1502238468, 1]
[121, 43760, 1502238756, 1]
[121, 347782, 1502248849, 1]
[121, 46179, 1502258903, 1]
[121, 46179, 1502259187, 4]
[121, 43552, 1502319065, 1]
[121, 475976, 1502496204, 1]
[121, 133394, 1502496385, 1]
[121, 475955, 1502502269, 1]
[121, 153535, 1502502853, 1]
[121, 201235, 1502593114, 1]
[121, 85438, 1502671337, 1]
[121, 397770, 1502671506, 1]
[121, 449238, 1502671675, 1]
[121, 448918, 1502671684, 1]
[121, 178406, 1502671690, 1]
[121, 66421, 1502671817, 1]
[121, 462922, 1502788421, 1]
[121, 104177, 1502931248, 1]
[121, 264276, 1502931284, 1]
[121, 474470, 1502931649, 1]
[121, 250006, 1503016324, 1]
[121, 217530, 1503043278, 1]
[121, 217530, 1503043367, 3]
[121, 217530, 1503043374, 4]
[121, 211153, 1503048149, 1]
[121, 38671, 1503097586, 1]
[121, 427308, 1503098232, 1]
[121, 252010, 1503108427, 1]
[121, 473247, 1503108631, 1]
[121, 286001, 1503109046, 1]
[121, 286001, 1503109062, 3]
[121, 422943, 1503184019, 1]
[121, 483831, 1503184031, 1]
[121, 417190, 1503184648, 1]
[121, 398862, 1503185280, 1]
[121, 213317, 1503185716, 1]
[121, 41120, 1503299556, 1]
[121, 180828, 1503299693, 1]
[121, 120401, 1503450829, 1]
[121, 3420, 1503539467, 1]
[121, 337768, 1503569388, 1]
[130, 147242, 1501294749, 1]
[130, 98878, 1501294954, 1]
[130, 447571, 1502000125, 1]
[130, 447571, 1502000144, 3]
[130, 15133, 1502000275, 1]
[130, 169892, 1502357395, 1]
[130, 306175, 1502593644, 1]
[130, 306175, 1502593646, 3]
[130, 446906, 1502593681, 1]
[130, 446906, 1502593688, 3]
[130, 446906, 1502593693, 3]
[130, 446906, 1502593766, 3]
[130, 104186, 1502613642, 1]
[130, 28867, 1502691805, 1]
[130, 390599, 1502692219, 1]
[130, 74760, 1502692496, 1]
[130, 217789, 1502692506, 1]
[130, 293169, 1502700100, 1]
[130, 293169, 1502700113, 3]
[130, 242094, 1502700154, 1]
[130, 188201, 1502700376, 1]
[130, 242094, 1502700517, 3]
[130, 449510, 1502768441, 1]
[130, 212072, 1502862864, 1]
[130, 428034, 1502863082, 1]
[130, 58167, 1502960301, 1]
[130, 313771, 1502960592, 1]
[130, 371754, 1503133411, 1]
[130, 400088, 1503133421, 1]
[130, 413093, 1503494000, 1]
[130, 52498, 1503499844, 1]
[132, 323996, 1501125879, 1]
[132, 323996, 1501125881, 3]
[132, 294580, 1501166429, 1]
[132, 294580, 1501166443, 3]
[132, 216837, 1501166543, 1]
[132, 85955, 1501167208, 1]
[132, 85955, 1501167217, 3]
[132, 408916, 1501167250, 1]
[132, 7485, 1501167285, 1]
[132, 200751, 1502099358, 1]
[132, 469941, 1502106453, 1]
[132, 469941, 1502106484, 3]
[132, 317901, 1502106497, 1]
[132, 317901, 1502106513, 3]
[132, 246946, 1502107407, 1]
[132, 349044, 1502289602, 1]
[132, 349044, 1502289625, 3]
[132, 259797, 1502375282, 1]
[132, 364214, 1502461810, 1]
[132, 317015, 1502462152, 1]
[132, 263227, 1502462604, 1]
[132, 386637, 1502462760, 1]
[132, 386637, 1502462769, 3]
[132, 27509, 1502462950, 1]
[132, 463179, 1502462976, 1]
[132, 463179, 1502462993, 3]
[132, 463179, 1502462998, 3]
[132, 463179, 1502463004, 3]
[132, 11243, 1502463123, 1]
[132, 11243, 1502463141, 3]
[132, 240488, 1502613219, 1]
[132, 467321, 1502638314, 3]
[132, 467321, 1502638318, 3]
[132, 467321, 1502638420, 1]
[132, 312414, 1502638533, 1]
[132, 312414, 1502638539, 3]
[132, 104340, 1502638558, 1]
[132, 273668, 1502638582, 1]
[132, 273668, 1502638589, 3]
[132, 87637, 1502678266, 1]
[132, 383034, 1502678296, 1]
[132, 330949, 1502678354, 1]
[132, 330949, 1502678464, 3]
[132, 384521, 1502726680, 1]
[132, 384521, 1502726693, 3]
[132, 61778, 1502726711, 1]
[132, 61778, 1502726723, 3]
[132, 217592, 1502726747, 1]
[132, 217592, 1502726752, 3]
[132, 316199, 1502770673, 1]
[132, 316199, 1502770694, 3]
[132, 24931, 1502807227, 1]
[132, 477229, 1502807329, 1]
[132, 292116, 1502976692, 1]
[132, 292116, 1502976705, 3]
[132, 474861, 1503156097, 1]
[132, 90781, 1503156158, 1]
[132, 90781, 1503156168, 3]
[132, 138159, 1503156194, 1]
[132, 370796, 1503156335, 1]
[132, 370796, 1503156345, 3]
[132, 408755, 1503325507, 1]
[132, 408755, 1503325518, 3]
[132, 408755, 1503325603, 3]
[132, 408755, 1503325918, 3]
[132, 464856, 1503327467, 4]
[132, 408755, 1503327467, 4]
[132, 441183, 1503402137, 1]
[132, 42400, 1503418505, 1]
[132, 42400, 1503418539, 3]
[132, 173108, 1503418611, 1]
[132, 199883, 1503474329, 1]
[132, 199883, 1503474351, 3]
[132, 483298, 1503474395, 1]
[132, 479564, 1503617862, 1]
[134, 367448, 1501747484, 1]
[134, 367448, 1501747511, 3]
[134, 367448, 1501747538, 3]
[134, 367448, 1501755178, 1]
[134, 367448, 1501755199, 3]
[134, 87677, 1501763939, 1]
[134, 303356, 1501763960, 1]
[134, 352026, 1501763994, 1]
[134, 454802, 1501764003, 1]
[134, 293275, 1501764034, 1]
[134, 457112, 1501764055, 1]
[134, 149138, 1501764313, 1]
[134, 279784, 1501805990, 1]
[134, 279784, 1501806011, 3]
[134, 279784, 1501806017, 4]
[134, 462193, 1501847747, 1]
[134, 246776, 1501847804, 1]
[134, 48838, 1501847976, 1]
[134, 198118, 1501848006, 1]
[134, 478861, 1501848034, 1]
[134, 252309, 1501848146, 1]
[134, 418457, 1501848302, 1]
[134, 46397, 1501848355, 1]
[134, 175251, 1501848486, 1]
[134, 438602, 1501848587, 1]
[134, 220386, 1501848796, 1]
[134, 210977, 1501893917, 1]
[134, 210977, 1501893941, 3]
[134, 178921, 1501938468, 1]
[134, 71041, 1501938472, 1]
[134, 38518, 1501938570, 1]
[134, 415625, 1501938574, 1]
[134, 171981, 1502013630, 1]
[134, 100682, 1502013694, 1]
[134, 60874, 1502013742, 1]
[134, 382538, 1502013828, 1]
[134, 407962, 1502013913, 1]
[134, 139324, 1502013940, 1]
[134, 85093, 1502014065, 1]
[134, 89356, 1502014079, 1]
[134, 372740, 1502157664, 1]
[134, 319643, 1502247621, 1]
[134, 319643, 1502247624, 3]
[134, 319643, 1502247628, 4]
[134, 124542, 1502276212, 1]
[134, 417300, 1502276294, 1]
[134, 381237, 1502276448, 1]
[134, 3018, 1502276474, 1]
[134, 264838, 1502276507, 1]
[134, 319619, 1502276596, 1]
[134, 165155, 1502276632, 1]
[134, 11357, 1502276648, 1]
[134, 111496, 1502276751, 1]
[134, 183344, 1502664843, 1]
[134, 103162, 1502664864, 1]
[134, 398997, 1502930485, 1]
[134, 411644, 1502971100, 1]
[134, 162525, 1502971157, 1]
[134, 325934, 1502971201, 1]
[134, 352034, 1502989661, 1]
[134, 21326, 1503110324, 1]
[134, 21326, 1503110334, 3]
[134, 21326, 1503110344, 3]
[134, 21326, 1503110348, 4]
[134, 410391, 1503366487, 1]
[134, 303085, 1503477776, 1]
[134, 303085, 1503477809, 2]
[134, 289754, 1503477989, 1]
[134, 389056, 1503649668, 1]
[135, 4795, 1501126916, 1]
[135, 166884, 1501128165, 1]
[135, 166884, 1501128230, 3]
[135, 4795, 1501128325, 1]
[135, 438222, 1501128441, 1]
[135, 24420, 1501128447, 1]
[135, 1883, 1501128486, 1]
[135, 423393, 1501338936, 1]
[135, 56044, 1501339237, 1]
[135, 433950, 1501772959, 1]
[135, 442259, 1501773067, 1]
[135, 251652, 1501773523, 1]
[135, 89363, 1501804273, 1]
[135, 89363, 1501804479, 3]
[135, 304613, 1501822028, 1]
[135, 144703, 1502092166, 1]
[135, 144703, 1502092219, 3]
[135, 144703, 1502092223, 4]
[135, 451875, 1502459945, 1]
[135, 13477, 1502460133, 1]
[135, 71042, 1502852602, 1]
[135, 333157, 1502852902, 1]
[135, 194433, 1502852925, 1]
[135, 71042, 1502852987, 3]
[135, 412275, 1502854639, 1]
[135, 422929, 1502854930, 1]
[135, 428063, 1502855084, 1]
[135, 480161, 1502855090, 1]
[135, 263369, 1502857312, 1]
[135, 18829, 1502857388, 1]
[135, 46497, 1503152358, 1]
[135, 101711, 1503152399, 1]
[135, 482649, 1503152861, 1]
[135, 482649, 1503152874, 3]
[135, 261664, 1503153223, 1]
[135, 261664, 1503153249, 3]
[135, 191301, 1503153347, 1]
[135, 478279, 1503153350, 1]
[135, 426865, 1503153398, 1]
[135, 220559, 1503153588, 1]
[135, 173353, 1503212595, 1]
[135, 261664, 1503213169, 1]
[135, 261664, 1503213389, 3]
[135, 322130, 1503213578, 1]
[135, 4795, 1503213854, 1]
[135, 476224, 1503213931, 1]
[135, 139068, 1503214017, 1]
[135, 442060, 1503214425, 1]
[135, 298710, 1503214571, 1]
[135, 298710, 1503214693, 3]
[135, 330501, 1503214742, 1]
[135, 133214, 1503215061, 1]
[135, 330501, 1503215105, 3]
[135, 384248, 1503215166, 1]
[135, 384248, 1503215176, 3]
[135, 220559, 1503215221, 1]
[135, 282457, 1503215287, 1]
[135, 181245, 1503215343, 1]
[135, 18381, 1503398230, 1]
[135, 50917, 1503398290, 1]
[135, 48512, 1503399104, 1]
[135, 102507, 1503399157, 1]
[135, 400782, 1503400530, 1]
[135, 124649, 1503401103, 1]
[135, 400782, 1503401173, 3]
[135, 22780, 1503401185, 1]
[135, 22780, 1503401217, 3]
[135, 22780, 1503401228, 3]
[135, 430371, 1503401528, 1]
[135, 430371, 1503401560, 3]
[135, 344773, 1503401628, 1]
[135, 208191, 1503402103, 1]
[135, 368334, 1503403086, 1]
[135, 482137, 1503403256, 1]
[135, 153830, 1503403298, 1]
[135, 153830, 1503403364, 3]
[135, 374760, 1503403475, 1]
[135, 439996, 1503556840, 1]
[135, 110281, 1503664668, 1]
[135, 325179, 1503665248, 1]
[135, 325179, 1503665262, 3]
[135, 119479, 1503665531, 1]
[135, 21368, 1503666663, 1]
[135, 21368, 1503666676, 3]
[135, 291011, 1503666731, 1]
[135, 281220, 1503666775, 1]
[135, 281220, 1503666782, 3]
[135, 480352, 1503666796, 1]
[135, 103581, 1503666804, 1]
[135, 263254, 1503669866, 1]
[135, 422959, 1503670052, 1]
[135, 281220, 1503670141, 1]
[135, 21368, 1503670188, 1]
[137, 438722, 1501755325, 1]
[137, 438722, 1501755334, 3]
[137, 438722, 1502345432, 1]
[137, 286500, 1502762337, 1]
[137, 286500, 1502762346, 3]
[137, 286500, 1502764203, 1]
[137, 65103, 1502764572, 1]
[137, 65103, 1502764573, 3]
[137, 65103, 1502764691, 3]
[137, 458832, 1502765288, 1]
[137, 65103, 1502798319, 1]
[137, 65103, 1502798322, 3]
[137, 287631, 1502798402, 1]
[137, 287631, 1502798424, 3]
[137, 177329, 1502863405, 1]
[137, 447984, 1502871827, 1]
[137, 447984, 1502871839, 3]
[137, 166727, 1502873061, 1]
[137, 3613, 1502873216, 1]
[137, 11997, 1502873420, 1]
[137, 272555, 1502873512, 1]
[137, 225935, 1502873867, 1]
[137, 441041, 1502873885, 1]
[137, 114773, 1502873974, 1]
[137, 440134, 1502874261, 1]
[137, 165693, 1502874367, 1]
[137, 158354, 1503042569, 1]
[137, 212297, 1503105340, 1]
[137, 284836, 1503278983, 1]
[137, 51450, 1503279033, 1]
[137, 290363, 1503279087, 1]
[137, 423058, 1503287871, 1]
[137, 290363, 1503310153, 1]
[137, 467606, 1503451870, 1]
[137, 303261, 1503451943, 1]
[137, 303261, 1503452114, 3]
[137, 411385, 1503453217, 1]
[137, 441578, 1503534433, 1]
[137, 441578, 1503534440, 3]
[137, 56075, 1503568776, 1]
[137, 56075, 1503568849, 1]
[137, 334505, 1503569090, 1]
[137, 325333, 1503638072, 1]
[138, 21101, 1501321635, 1]
[138, 129660, 1501321699, 1]
[138, 5584, 1501321758, 1]
[138, 256107, 1501503991, 1]
[138, 473513, 1501504595, 1]
[138, 187260, 1501594499, 1]
[138, 202928, 1501594519, 1]
[138, 133946, 1501738028, 1]
[138, 241940, 1501738046, 1]
[138, 431456, 1501739080, 1]
[138, 180990, 1501862263, 1]
[138, 202928, 1501907902, 1]
[138, 202928, 1501907953, 3]
[138, 202928, 1501907955, 4]
[138, 22976, 1501908126, 1]
[138, 399846, 1501991029, 1]
[138, 256107, 1501992184, 1]
[138, 96267, 1502081149, 1]
[138, 43644, 1502081181, 1]
[138, 250362, 1502369447, 1]
[138, 196592, 1502427764, 1]
[138, 99891, 1502852091, 1]
[138, 470041, 1502963080, 1]
[138, 183544, 1503147257, 1]
[138, 330986, 1503485007, 1]
[138, 410383, 1503485238, 1]
[138, 170843, 1503485348, 1]
[138, 358262, 1503551625, 1]
[138, 189294, 1503552009, 1]
[138, 357448, 1503671407, 1]
[138, 418463, 1503671507, 1]
[138, 134753, 1503671526, 1]
[138, 22167, 1503671542, 1]
[138, 134753, 1503671572, 2]
[138, 389970, 1503671861, 1]
[138, 292394, 1503672114, 1]
[138, 349687, 1503672660, 1]
[138, 349687, 1503672692, 2]
[139, 439156, 1501515360, 1]
[139, 439156, 1501515935, 3]
[139, 439156, 1501515950, 4]
[139, 443814, 1501516353, 1]
[139, 410940, 1501516698, 1]
[139, 328865, 1501516890, 1]
[139, 163098, 1501516894, 1]
[139, 405591, 1501517420, 1]
[139, 35634, 1501517799, 1]
[139, 35634, 1501518697, 3]
[139, 35634, 1501518700, 4]
[139, 452610, 1501580654, 1]
[139, 231747, 1501580669, 1]
[139, 65008, 1501689724, 1]
[139, 60843, 1501689955, 1]
[139, 276682, 1501690303, 1]
[139, 82622, 1501690611, 1]
[139, 54770, 1501690782, 1]
[139, 172639, 1501690887, 1]
[139, 271689, 1501690958, 1]
[139, 39959, 1501776118, 1]
[139, 185229, 1501776318, 1]
[139, 33450, 1501776599, 1]
[139, 33450, 1501776837, 3]
[139, 342563, 1501776997, 1]
[139, 33450, 1501777058, 3]
[139, 196595, 1501777098, 1]
[139, 33450, 1501777325, 4]
[139, 312490, 1502480998, 1]
[139, 245812, 1502481049, 1]
[139, 200251, 1502481203, 1]
[139, 59969, 1502481675, 1]
[139, 117439, 1502481714, 1]
[139, 117439, 1502481750, 3]
[139, 115601, 1502695820, 1]
[139, 276008, 1502696011, 1]
[139, 47158, 1502696242, 1]
[139, 35634, 1502697601, 1]
[139, 276008, 1502698298, 1]
[139, 324328, 1502698310, 1]
[139, 115601, 1502698369, 1]
[139, 61045, 1502698446, 1]
[139, 437747, 1502698561, 1]
[139, 145036, 1502699012, 1]
[139, 304366, 1502699754, 1]
[139, 534, 1502767158, 1]
[139, 21829, 1502801907, 1]
[139, 69364, 1502893358, 1]
[139, 429486, 1502893877, 1]
[139, 127466, 1502894114, 1]
[139, 313771, 1502950610, 1]
[139, 313771, 1502950660, 3]
[139, 151269, 1502951138, 1]
[139, 363345, 1502951896, 1]
[139, 363345, 1502951922, 3]
[139, 69640, 1502952907, 1]
[139, 69640, 1502952942, 3]
[139, 69640, 1502955529, 3]
[139, 69640, 1502955627, 1]
[139, 313771, 1502955791, 1]
[139, 313771, 1502955800, 3]
[139, 69640, 1502956153, 4]
[139, 94189, 1502956494, 1]
[139, 94189, 1502963055, 1]
[139, 94189, 1502963284, 3]
[139, 404821, 1502963407, 1]
[139, 152336, 1502963543, 1]
[139, 166420, 1502980839, 1]
[139, 282303, 1502980856, 1]
[139, 75140, 1502980895, 1]
[139, 416525, 1502981643, 1]
[139, 285610, 1502981786, 1]
[139, 167984, 1502981835, 1]
[139, 225419, 1502981965, 1]
[139, 332131, 1502981996, 1]
[139, 332131, 1502982024, 1]
[139, 11042, 1502982307, 1]
[139, 59590, 1502983040, 1]
[139, 285610, 1502984492, 1]
[139, 24920, 1502984686, 1]
[139, 133089, 1502984903, 1]
[139, 94189, 1502985211, 1]
[139, 404821, 1502985299, 1]
[139, 152909, 1502985641, 4]
[139, 135154, 1502985641, 4]
[139, 152909, 1502986102, 1]
[139, 193342, 1503130484, 1]
[139, 425484, 1503243393, 1]
[139, 44243, 1503243659, 1]
[139, 53001, 1503244094, 1]
[139, 269276, 1503244389, 1]
[139, 173222, 1503244426, 1]
[139, 321236, 1503244457, 1]
[139, 110164, 1503244794, 1]
[139, 387910, 1503244910, 1]
[139, 242835, 1503273981, 1]
[139, 222424, 1503274312, 1]
[139, 222424, 1503274589, 3]
[139, 239302, 1503274796, 1]
[139, 245765, 1503274841, 1]
[139, 7797, 1503274904, 1]
[139, 7797, 1503274935, 3]
[139, 7797, 1503274940, 3]
[139, 344227, 1503275463, 1]
[139, 266321, 1503275509, 1]
[139, 240146, 1503276087, 1]
[139, 7169, 1503589431, 1]
[139, 95514, 1503625398, 1]
[139, 475317, 1503625546, 1]
[139, 372851, 1503625761, 1]
[140, 391552, 1501310234, 1]
[140, 86626, 1501334895, 1]
[140, 471629, 1501334919, 1]
[140, 199317, 1501334978, 1]
[140, 418684, 1501335028, 1]
[140, 57740, 1501335088, 1]
[140, 255703, 1501481475, 1]
[140, 113770, 1501481822, 1]
[140, 180666, 1501487292, 1]
[140, 410612, 1501565320, 1]
[140, 464104, 1501565364, 1]
[140, 233493, 1501565519, 1]
[140, 233493, 1501565521, 3]
[140, 216413, 1501751475, 1]
[140, 151269, 1501751641, 1]
[140, 463646, 1501751679, 1]
[140, 362312, 1501751767, 1]
[140, 337509, 1501751793, 1]
[140, 286467, 1501751798, 1]
[140, 366068, 1501917168, 1]
[140, 390908, 1501939382, 1]
[140, 183990, 1502115079, 1]
[140, 358001, 1502260865, 1]
[140, 81110, 1502280062, 1]
[140, 202969, 1502283429, 1]
[140, 30946, 1502363849, 1]
[140, 449662, 1502363861, 1]
[140, 475976, 1502378602, 1]
[140, 131083, 1502378836, 1]
[140, 93369, 1502427915, 1]
[140, 339847, 1502431758, 1]
[140, 118507, 1502508153, 1]
[140, 147116, 1502633148, 1]
[140, 480816, 1502685666, 1]
[140, 227815, 1502685960, 1]
[140, 289614, 1502686419, 1]
[140, 152186, 1502744529, 1]
[140, 21829, 1502764109, 1]
[140, 449510, 1502764128, 1]
[140, 425383, 1502771736, 1]
[140, 295512, 1502803061, 1]
[140, 361281, 1502803259, 1]
[140, 447299, 1502805369, 1]
[140, 329362, 1502845108, 1]
[140, 329362, 1502845496, 1]
[140, 463197, 1502864009, 1]
[140, 288027, 1502891841, 1]
[140, 472781, 1502893154, 1]
[140, 261266, 1502946037, 1]
[140, 480366, 1502959866, 1]
[140, 76020, 1503166771, 1]
[140, 120887, 1503167006, 1]
[140, 309753, 1503283446, 1]
[140, 417494, 1503283619, 1]
[140, 86177, 1503285092, 1]
[140, 108542, 1503285280, 1]
[140, 23943, 1503287207, 1]
[140, 23943, 1503287311, 3]
[140, 401321, 1503287324, 1]
[140, 280817, 1503292704, 1]
[140, 126879, 1503319907, 1]
[140, 433302, 1503362743, 1]
[140, 19836, 1503362756, 1]
[140, 19836, 1503364505, 1]
[140, 19836, 1503375685, 1]
[140, 310905, 1503413909, 1]
[140, 43933, 1503455894, 1]
[140, 61390, 1503459864, 1]
[140, 264112, 1503484288, 1]
[140, 461843, 1503551477, 1]
[140, 276672, 1503551604, 1]
[140, 18401, 1503551851, 1]
[140, 131422, 1503631733, 1]
[140, 93563, 1503634949, 1]
[140, 186233, 1503652567, 1]
[140, 259616, 1503652778, 1]
[140, 65397, 1503652901, 1]
[140, 139692, 1503652931, 1]
[140, 268095, 1503653345, 1]
[140, 251534, 1503668885, 1]
[140, 200251, 1503668906, 1]
[140, 245682, 1503669531, 1]
[140, 66905, 1503670310, 1]
